MeshAnim
1
40
79
30
0.7710124 -0.009885509 -0.6367435 0
-0.01891703 0.9990827 -0.03841689 0
0.6365392 0.04166519 0.7701181 0
0.01237277 0.8590301 0.05810552 1

0.944158 0.1630223 0.2863381 0
0.2700568 -0.8807526 -0.3890295 0
0.1887725 0.4446329 -0.875595 0
0.1117142 0.8264486 -0.02922745 1

0.944158 0.1630223 0.2863381 0
0.1033139 -0.9716741 0.2125457 0
0.3128769 -0.1710939 -0.9342563 0
0.2306349 0.4386055 -0.2005382 1

0.9913282 0.06231824 -0.1156933 0
0.06203496 -0.9980556 -0.006050691 0
-0.1158455 -0.001178762 -0.9932666 0
0.2635881 0.1286786 -0.1327443 1

0.9911687 0.06228923 -0.1170671 0
0.06660174 -0.9972242 0.03329108 0
-0.1146685 -0.0407939 -0.9925658 0
0.2541784 0.02452946 -0.2694714 1

0.5753589 -0.232517 -0.7841543 0
0.3207001 0.9461003 -0.04522921 0
0.7524052 -0.2254554 0.6189156 0
-0.09264131 0.8290683 0.1395403 1

0.5753562 -0.2325249 -0.7841539 0
-0.207019 0.8861173 -0.4146558 0
0.7912701 0.4009095 0.4616961 0
-0.2338627 0.4124498 0.1594571 1

0.4442987 -0.1024955 -0.8899963 0
0.05992597 0.994609 -0.08462721 0
0.8938724 -0.0157342 0.4480456 0
-0.1678318 0.1298118 0.2917169 1

0.4352799 -0.1027019 -0.8944181 0
-0.0378872 0.9905024 -0.1321731 0
0.8994976 0.09141923 0.4272548 0
-0.2965529 0.02833939 0.2391429 1

0.7802632 -0.01236937 -0.625329 0
-0.00303019 0.999718 -0.02355596 0
0.625444 0.0202747 0.7800056 0
0.01174564 0.9954383 0.0552284 1

0.8054756 -0.036188 -0.5915231 0
-0.04353745 0.9918234 -0.1199623 0
0.5910276 0.1223801 0.797314 0
0.01122285 1.167919 0.05116431 1

0.7112916 -0.09696779 -0.6961764 0
-0.3202493 0.8369589 -0.4437794 0
0.6257032 0.5386067 0.564268 0
0.009500915 1.355331 0.03735411 1

-0.263146 0.6981604 -0.6658273 0
0.4892489 -0.4982525 -0.7158072 0
-0.8314984 -0.5141171 -0.210461 0
0.02953235 1.434962 -0.04418699 1

-0.008349091 0.01386022 -0.999869 0
-0.1029166 -0.994606 -0.01292798 0
-0.9946548 0.1027951 0.009730697 0
0.1390749 1.323404 -0.2044558 1

-0.02683905 -0.04829551 -0.9984725 0
-0.9909084 -0.1304412 0.03294513 0
-0.1318331 0.990279 -0.04435553 0
0.1083065 1.026052 -0.2083214 1

0.4020888 -0.8848371 0.2353465 0
-0.8765596 -0.4462681 -0.1802429 0
0.2645134 -0.1338216 -0.955052 0
-0.1405841 0.993289 -0.2000464 1

-0.2437674 0.9488879 -0.2004722 0
0.2645133 -0.1338216 -0.955052 0
-0.9330651 -0.285838 -0.2183721 0
-0.1716228 0.9758047 -0.2533112 1

-0.8584511 -0.5114034 0.03909501 0
-0.4952505 0.8066847 -0.3224698 0
0.1333748 -0.2961864 -0.9457718 0
-0.243325 0.9275599 -0.2914429 1

-0.958604 0.2058925 -0.1966886 0
0.2535656 0.9315295 -0.260686 0
0.129548 -0.2997682 -0.9451753 0
-0.2705471 0.9719002 -0.3091678 1

-0.7780231 -0.6280777 0.01409209 0
-0.5851258 0.7162862 -0.3802131 0
0.2287094 -0.3040603 -0.9247913 0
-0.2560182 0.9312512 -0.2486368 1

-0.9228833 0.2347604 -0.3052442 0
0.3110192 0.9218055 -0.231391 0
0.2270545 -0.3084837 -0.9237338 0
-0.2885754 0.9726135 -0.270328 1

-0.791209 -0.6089666 0.05610803 0
-0.5692146 0.6997942 -0.4316049 0
0.223569 -0.3734272 -0.900316 0
-0.2686534 0.9412798 -0.2088225 1

-0.9187568 0.2276629 -0.3225766 0
0.3254273 0.8992899 -0.2921905 0
0.223569 -0.3734272 -0.900316 0
-0.299428 0.9791142 -0.2321573 1

-0.8589656 -0.5029644 -0.09594125 0
-0.3589775 0.7251521 -0.5876133 0
0.3651206 -0.470299 -0.8034336 0
-0.278252 0.9510987 -0.1759172 1

-0.924174 -0.06639792 -0.3761564 0
0.1256474 0.877128 -0.4635291 0
0.3607147 -0.4756447 -0.802276 0
-0.2954019 0.9875394 -0.2050743 1

0.6876034 -0.3495587 -0.6364042 0
-0.6263057 -0.7289765 -0.2762865 0
-0.3673452 0.5885592 -0.7201774 0
-0.1859826 0.9819447 -0.2970236 1

-0.02536058 -0.7511259 -0.6596718 0
-0.9877776 0.1203462 -0.0990558 0
0.1537924 0.649097 -0.7449974 0
-0.2220814 0.9379336 -0.3145782 1

0.09051095 -0.8275195 -0.5540932 0
-0.9909084 -0.1304412 0.03294513 0
-0.09953922 0.5460736 -0.8318024 0
-0.005289375 1.011099 -0.2045447 1

-0.4785626 0.06090464 -0.8759385 0
-0.1029166 -0.994606 -0.01292798 0
-0.8720011 0.08396178 0.4822493 0
0.1390749 1.323404 -0.2044558 1

-0.3529138 0.04866288 -0.9343894 0
-0.1029166 -0.994606 -0.01292798 0
-0.9299785 0.09160176 0.3560184 0
0.1195207 1.134429 -0.2069121 1

-0.02653512 0.08327004 -0.9961735 0
0.5289708 -0.8444052 -0.08467399 0
-0.8482249 -0.5291937 -0.02164108 0
0.1403537 1.328194 -0.2958444 1

0.895277 0.2670603 -0.3565923 0
-0.4426059 0.6244188 -0.6435848 0
0.050787 0.7340165 0.6772301 0
-0.04922586 1.505767 -0.04360141 1

0.9952263 0.08942599 0.03908306 0
-0.07126928 0.9395415 -0.3349369 0
-0.06667227 0.3305526 0.9414296 0
-0.1028867 1.581471 -0.1216285 1

0.9952263 0.08942599 0.03908306 0
-0.07126928 0.9395415 -0.3349369 0
-0.06667227 0.3305526 0.9414296 0
-0.09885531 1.593638 -0.2521262 1

0.9655699 -0.2164093 0.1443669 0
-0.25824 -0.8643801 0.4314623 0
0.03141543 -0.4538884 -0.8905049 0
-0.04781038 1.596625 -0.2254432 1

0.9451053 0.3234226 -0.04662681 0
-0.3108511 0.8458843 -0.4334184 0
-0.1007363 0.4241199 0.8999858 0
-0.1527383 1.585675 -0.2280574 1

0.9952263 0.08942599 0.03908306 0
0.07126928 -0.9395415 0.3349369 0
0.06667224 -0.3305526 -0.9414296 0
-0.06457791 1.615225 -0.2238254 1

0.9952263 0.08942599 0.03908306 0
-0.07126928 0.9395415 -0.3349369 0
-0.06667227 0.3305526 0.9414296 0
-0.1385236 1.60858 -0.2267289 1

0.973137 0.2148875 -0.08263019 0
0.2302065 -0.9129769 0.3368655 0
-0.003051311 -0.3468383 -0.93792 0
-0.08188079 1.607422 -0.2627122 1

0.9799446 0.1992686 -0.0005668104 0
-0.1877847 0.9225112 -0.337209 0
-0.06667227 0.3305526 0.9414296 0
-0.113642 1.605928 -0.2655576 1

0.9741197 0.118301 0.1926025 0
0.09370762 -0.9867883 0.1321666 0
0.2056933 -0.1106977 -0.9723357 0
-0.03474279 1.633302 -0.2477224 1

0.9958754 0.07033254 -0.05732241 0
-0.08084102 0.9746532 -0.2086048 0
0.04119754 0.2123783 0.9763188 0
-0.1691984 1.622061 -0.2544174 1

0.9808193 0.1949169 0.001023084 0
0.1830191 -0.9227308 0.3392226 0
0.06706405 -0.3325289 -0.9407056 0
-0.06458937 1.615428 -0.223998 1

0.99691 -0.01720811 0.07664329 0
0.04418333 0.9295697 -0.3659893 0
-0.06494746 0.3682447 0.9274576 0
-0.1385215 1.60857 -0.2267587 1

0.9938773 0.1067218 0.02860543 0
-0.09215302 0.9435099 -0.3182721 0
-0.06095612 0.3136874 0.9475677 0
-0.1015753 1.584667 -0.1623343 1

0.9603722 0.2782808 -0.01564708 0
0.2718899 -0.9230074 0.2722754 0
0.06132656 -0.26574 -0.9620922 0
-0.07166711 1.537934 -0.2546468 1

0.9931082 0.1142677 0.02605787 0
-0.1008619 0.9465006 -0.3065352 0
-0.05969101 0.3017943 0.9515027 0
-0.09354905 1.536579 -0.2583786 1

0.9953542 -0.06437408 0.07159722 0
0.08105891 0.9615665 -0.2623346 0
-0.05195785 0.2669194 0.9623172 0
-0.1178292 1.533941 -0.2539927 1

0.9937679 0.1006307 0.04794684 0
0.07656354 -0.9288244 0.3625244 0
0.08101529 -0.356594 -0.9307405 0
-0.04794014 1.549612 -0.2228588 1

0.9931549 0.1162391 0.0114758 0
-0.1041553 0.9257888 -0.3634103 0
-0.0528667 0.3597274 0.9315586 0
-0.1464744 1.540942 -0.2236985 1

0.9880683 0.1526954 0.02012143 0
0.1317541 -0.9056665 0.4030003 0
0.07975972 -0.3955408 -0.9149786 0
-0.07206418 1.554336 -0.2471225 1

0.9946262 0.09691557 0.03641883 0
-0.07437733 0.9135678 -0.3998276 0
-0.07202068 0.3949701 0.9158666 0
-0.09478143 1.54924 -0.2510096 1

0.997683 0.05176426 0.0441466 0
-0.02899326 0.9105324 -0.4124202 0
-0.06154561 0.4101845 0.9099234 0
-0.1201691 1.55087 -0.2476063 1

0.9951971 0.08981086 0.03894573 0
0.06231813 -0.8880637 0.4554771 0
0.07549322 -0.4508625 -0.8893951 0
-0.07854817 1.578315 -0.2475756 1

0.9951971 0.08981086 0.03894573 0
-0.06231815 0.8880637 -0.4554771 0
-0.07549319 0.4508624 0.8893952 0
-0.09601595 1.566655 -0.2626832 1

0.9951971 0.08981086 0.03894573 0
-0.06231815 0.8880637 -0.4554771 0
-0.07549319 0.4508624 0.8893952 0
-0.1164459 1.574629 -0.2489656 1

0.9952263 0.08942599 0.03908306 0
-0.07129691 0.9396784 -0.334547 0
-0.06664282 0.3301634 0.9415681 0
-0.1080784 1.666777 -0.1846189 1

0.3608068 -0.7853988 0.5029587 0
0.6038237 -0.2142811 -0.7677765 0
0.7107852 0.5807173 0.3969282 0
-0.06944733 1.45575 0.01275903 1

0.8560705 -0.3845822 0.3453115 0
0.5077884 0.750419 -0.4231107 0
-0.09640759 0.5375575 0.8376978 0
-0.2046447 1.503733 0.1846568 1

0.8915542 -0.3167058 0.3237722 0
-0.1397707 0.4875804 0.8618177 0
-0.4308075 -0.813611 0.3904385 0
-0.3564554 1.279381 0.3111539 1

0.9972712 -0.06637324 -0.03232107 0
0.06749889 0.6424792 0.7633246 0
-0.02989879 -0.7634235 0.6452063 0
-0.3213497 1.156913 0.09468805 1

-0.9938416 -0.04620042 -0.1007198 0
-0.02989879 -0.7634235 0.6452063 0
-0.1067009 0.6442441 0.7573405 0
-0.2777474 1.105253 -0.02289303 1

0.9895266 0.06473181 0.129023 0
-0.1424054 0.5840107 0.7991573 0
-0.02361995 -0.8091608 0.5871124 0
-0.3238112 1.121919 -0.0536318 1

0.5812228 0.4707783 0.663738 0
-0.8131593 0.3050885 0.4956742 0
0.03085378 -0.8278216 0.5601423 0
-0.3159834 1.089818 -0.09755837 1

0.2299423 0.6791645 0.6970381 0
-0.9715319 0.1182233 0.2053023 0
0.05702782 -0.7244028 0.6870148 0
-0.3269677 1.086749 -0.02606039 1

-0.9499191 0.170473 0.2619023 0
-0.3065849 -0.6706385 -0.6754627 0
0.06049368 -0.7219302 0.6893167 0
-0.2714459 1.080694 -0.03710758 1

0.07125404 0.6527651 0.7542021 0
-0.9921417 -0.03158312 0.1210692 0
0.1028497 -0.7569019 0.645385 0
-0.3236336 1.05421 0.00178773 1

-0.9314521 0.1623385 0.3256432 0
-0.3360143 -0.7271499 -0.5986212 0
0.1396121 -0.667008 0.7318535 0
-0.2699935 1.055917 -0.004758395 1

0.1119269 0.6524708 0.7495027 0
-0.9654433 -0.1072363 0.2375281 0
0.235354 -0.7501884 0.617921 0
-0.3197704 1.028178 0.02584375 1

-0.9296251 0.05835786 0.3638564 0
-0.2449021 -0.8356261 -0.4916827 0
0.2753543 -0.54619 0.7911111 0
-0.2716907 1.034051 0.01461849 1

0.1452761 -0.9762468 -0.1607392 0
-0.9237196 -0.1920342 0.3314594 0
-0.3544535 0.100325 -0.9296762 0
-0.2984772 1.177469 -0.001364551 1

-0.9611562 -0.2586059 -0.09644574 0
-0.263839 0.7582654 0.5961735 0
-0.08104241 0.598462 -0.7970417 0
-0.2498368 1.188953 -0.0214348 1

0.9667992 -0.1208379 0.2251617 0
-0.1397707 0.4875804 0.8618177 0
-0.2139245 -0.8646756 0.4545029 0
-0.3404306 1.223482 0.2123545 1

0.8601609 -0.4688339 0.2007935 0
0.5077884 0.750419 -0.4231107 0
0.04768923 0.4659037 0.8835495 0
-0.2046447 1.503733 0.1846568 1

0.8572475 -0.3915133 0.3344311 0
0.5077884 0.750419 -0.4231107 0
-0.08531022 0.5325307 0.8421005 0
-0.3011228 1.361153 0.2650483 1

0.7947611 -0.603505 -0.06431744 0
0.2129276 0.3764944 -0.9016175 0
0.5683457 0.7028754 0.4277259 0
-0.2763444 1.55798 0.1946225 1

0.9951993 -0.09786879 -2.980232E-08 0
0.09786879 0.9951994 -1.117587E-08 0
2.980232E-08 6.984919E-09 1 0
-0.150452 0.9045892 0.1193795 1

1 0 0 0
0 1 0 0
0 0 1 0
0 0 0 1

1 0 0 0
0 1 0 0
0 0 1 0
0 0 0 1

0.7715571 -0.01003264 -0.636081 0
-0.02163659 0.9988833 -0.04199984 0
0.635792 0.0461679 0.7704784 0
0.01395746 0.8613156 0.05276575 1

0.9496368 0.1658713 0.265851 0
0.2608597 -0.8885399 -0.3774247 0
0.1736153 0.4277661 -0.8870592 0
0.1134597 0.8286966 -0.03437002 1

0.9496368 0.1658713 0.265851 0
0.109431 -0.9705412 0.214651 0
0.2936238 -0.1747481 -0.9398129 0
0.2283303 0.4374244 -0.2005706 1

0.9916416 0.06302497 -0.1125817 0
0.06239174 -0.99801 -0.009142745 0
-0.1129338 0.002042186 -0.9936005 0
0.2632346 0.1278588 -0.1321051 1

0.9914863 0.06300038 -0.113956 0
0.06684293 -0.9973061 0.03021474 0
-0.1117454 -0.03757463 -0.9930263 0
0.2542611 0.0241558 -0.2692001 1

0.5693161 -0.241389 -0.785882 0
0.3100531 0.9483773 -0.06668895 0
0.7614107 -0.2056981 0.61477 0
-0.09104028 0.8313553 0.1342221 1

0.5693136 -0.2413964 -0.7858815 0
-0.1900537 0.8913819 -0.4114826 0
0.7998509 0.3836224 0.4615976 0
-0.2275732 0.413734 0.1635889 1

0.4428639 -0.1037031 -0.8905714 0
0.05836058 0.9945161 -0.08678541 0
0.8946875 -0.01354022 0.4464874 0
-0.1669535 0.1294169 0.2948365 1

0.4338377 -0.1039313 -0.8949767 0
-0.03953089 0.9901724 -0.1341487 0
0.9001235 0.09357795 0.4254657 0
-0.2956233 0.02765328 0.2427009 1

0.7798904 -0.005210239 -0.6258945 0
-0.02328165 0.9990318 -0.03732631 0
0.625483 0.04368229 0.7790141 0
0.01295706 0.9977105 0.04940099 1

0.8060448 -0.03713278 -0.5906885 0
-0.04936728 0.9903339 -0.1296218 0
0.589792 0.1336417 0.7964204 0
0.008940301 1.170073 0.04296112 1

0.7308069 -0.1099586 -0.6736694 0
-0.2932408 0.8406478 -0.4553255 0
0.6163856 0.5303023 0.5821068 0
0.006111163 1.357328 0.02732893 1

-0.248319 0.7155105 -0.6529797 0
0.5035717 -0.4804959 -0.7180105 0
-0.8274982 -0.5071179 -0.2409948 0
0.02989421 1.436415 -0.05373297 1

-0.03199041 0.03441654 -0.9988955 0
-0.1322038 -0.9907715 -0.02990282 0
-0.9907063 0.1311012 0.03624502 0
0.1426436 1.328832 -0.2144951 1

-0.05092591 -0.02341045 -0.998428 0
-0.9813992 -0.1841176 0.05437428 0
-0.1851009 0.9826256 -0.01359857 0
0.1031194 1.032627 -0.2234356 1

0.3918134 -0.8928658 0.2219754 0
-0.8762743 -0.4356802 -0.2057341 0
0.2804032 -0.1139021 -0.9531005 0
-0.1433827 0.9863813 -0.2097782 1

-0.2336975 0.9549564 -0.1828778 0
0.2804032 -0.113902 -0.9531005 0
-0.9309994 -0.2740167 -0.2411541 0
-0.1779944 0.9706645 -0.2652973 1

-0.8377844 -0.5453401 0.02686968 0
-0.523067 0.7875078 -0.3259339 0
0.1565847 -0.2871172 -0.9450109 0
-0.244942 0.9235008 -0.3044412 1

-0.9580753 0.181419 -0.2217636 0
0.2327884 0.9441183 -0.2333464 0
0.1670375 -0.2751875 -0.9467685 0
-0.2736929 0.966787 -0.3223564 1

-0.7665756 -0.6420354 -0.0123423 0
-0.5931888 0.7153534 -0.369319 0
0.2459449 -0.2757898 -0.9292208 0
-0.2583629 0.9263061 -0.2617901 1

-0.9191132 0.2381797 -0.3138497 0
0.3090641 0.9299036 -0.1993968 0
0.2443574 -0.2802681 -0.9282993 0
-0.2913895 0.9676296 -0.2828361 1

-0.7934104 -0.6079133 0.03068236 0
-0.5616466 0.7117323 -0.4218888 0
0.2346341 -0.3519637 -0.9061284 0
-0.2716299 0.9355146 -0.2219833 1

-0.9154662 0.2335795 -0.3276624 0
0.3269361 0.906474 -0.267241 0
0.2345952 -0.3517749 -0.9062119 0
-0.3019953 0.9739944 -0.2447927 1

-0.8591627 -0.4942392 -0.1325425 0
-0.3395914 0.7444833 -0.5748238 0
0.382776 -0.4488571 -0.8074715 0
-0.2817403 0.9446492 -0.1890342 1

-0.9095155 -0.01996145 -0.4151907 0
0.1723882 0.890784 -0.4204599 0
0.3782381 -0.4539888 -0.8067406 0
-0.2979257 0.9820445 -0.2175262 1

0.7084368 -0.3144844 -0.6318362 0
-0.6142908 -0.7155538 -0.332611 0
-0.3475118 0.623765 -0.7001094 0
-0.1871395 0.9775822 -0.3077691 1

-0.007384181 -0.7142124 -0.6998904 0
-0.9894964 0.106268 -0.09800279 0
0.1443708 0.691815 -0.707495 0
-0.2224868 0.9344311 -0.3286695 1

0.1209421 -0.8129035 -0.569703 0
-0.9813992 -0.1841176 0.05437428 0
-0.1490934 0.5525298 -0.8200501 0
-0.009386304 1.01152 -0.2172022 1

-0.4606172 0.08811907 -0.8832141 0
-0.1322038 -0.9907715 -0.02990282 0
-0.8776982 0.1029906 0.468016 0
0.1426436 1.328832 -0.2144951 1

-0.3457079 0.07436083 -0.9353912 0
-0.1322038 -0.9907715 -0.02990282 0
-0.9289824 0.1133247 0.3523483 0
0.1175249 1.140585 -0.2201766 1

-0.005546391 0.1089244 -0.9940346 0
0.5296514 -0.8428435 -0.09531254 0
-0.8481975 -0.5270205 -0.05301732 0
0.1458589 1.335951 -0.3057334 1

0.90993 0.252147 -0.3293164 0
-0.4126997 0.6295015 -0.6583363 0
0.0413076 0.7349487 0.6768634 0
-0.04772367 1.508442 -0.05573724 1

0.9937429 0.103258 0.04257858 0
-0.08497947 0.9463684 -0.3117137 0
-0.07248196 0.3061449 0.9492216 0
-0.09739934 1.583923 -0.1349955 1

0.9937209 0.1035027 0.04249799 0
-0.08523644 0.9463416 -0.3117247 0
-0.07248196 0.3061449 0.9492216 0
-0.09342805 1.599372 -0.2651474 1

0.9685587 -0.205495 0.1402352 0
-0.2457057 -0.8785366 0.4096368 0
0.03902352 -0.4312139 -0.9014057 0
-0.04245845 1.602459 -0.2383322 1

0.939433 0.340605 -0.03813222 0
-0.3251231 0.8504271 -0.4136046 0
-0.108447 0.4009515 0.9096578 0
-0.1471702 1.590071 -0.2414 1

0.9937429 0.103258 0.04257858 0
0.08497947 -0.9463684 0.3117137 0
0.07248187 -0.306145 -0.9492217 0
-0.05950342 1.620761 -0.2362771 1

0.9937429 0.103258 0.04257858 0
-0.08497947 0.9463684 -0.3117137 0
-0.07248196 0.3061449 0.9492216 0
-0.1333389 1.613088 -0.2394405 1

0.9698962 0.2313471 -0.07602632 0
0.2435004 -0.9174933 0.3145054 0
0.003006279 -0.32355 -0.9462063 0
-0.0766518 1.613669 -0.2753688 1

0.9768596 0.2138074 0.005634874 0
-0.2012254 0.9276646 -0.3145577 0
-0.07248196 0.3061449 0.9492216 0
-0.1083838 1.611765 -0.2782891 1

0.9720638 0.1280107 0.1967369 0
0.1083106 -0.9882478 0.1078673 0
0.208233 -0.08354525 -0.9745048 0
-0.0299192 1.639866 -0.2596813 1

0.9947671 0.08656576 -0.05426809 0
-0.09519266 0.9781994 -0.1845652 0
0.03710806 0.1887653 0.9813211 0
-0.164185 1.626784 -0.2668251 1

0.9777976 0.2094311 0.007117957 0
0.1964618 -0.9280049 0.3165592 0
0.07290274 -0.3081324 -0.9485461 0
-0.05951769 1.620968 -0.2364448 1

0.9969838 -0.004235189 0.07749495 0
0.03063813 0.9388896 -0.3428524 0
-0.0713073 0.3441925 0.9361875 0
-0.1333324 1.61302 -0.2394267 1

0.9921455 0.1207856 0.03252992 0
-0.1059358 0.949612 -0.2949832 0
-0.06652042 0.2892202 0.9549487 0
-0.09609779 1.588144 -0.1756082 1

0.9567124 0.2909408 -0.007402927 0
0.2834938 -0.9258681 0.2497991 0
0.06582275 -0.2410847 -0.9682695 0
-0.06540866 1.544159 -0.2690081 1

0.9912773 0.128286 0.03019777 0
-0.1146013 0.9521939 -0.2831843 0
-0.06508273 0.2772535 0.95859 0
-0.08726443 1.54257 -0.2728008 1

0.9962398 -0.04978807 0.07090354 0
0.06539921 0.9689327 -0.2385215 0
-0.0568251 0.2422616 0.9685454 0
-0.1115065 1.539462 -0.2685131 1

0.9921179 0.1141257 0.05174491 0
0.08999117 -0.9362697 0.3395604 0
0.08719972 -0.3322273 -0.93916 0
-0.04188849 1.555399 -0.2369103 1

0.9912909 0.1307607 0.01562336 0
-0.1176815 0.9328281 -0.3405627 0
-0.05910614 0.3357581 0.9400921 0
-0.1402815 1.545285 -0.2380925 1

0.986057 0.1644259 0.02560425 0
0.1424751 -0.9136889 0.3806228 0
0.08597869 -0.3716678 -0.9243761 0
-0.06605766 1.560362 -0.2610813 1

0.9930334 0.1108014 0.04009965 0
-0.08763851 0.9219636 -0.3772302 0
-0.07876796 0.3710879 0.925251 0
-0.08869266 1.555025 -0.2651227 1

0.9967577 0.06553897 0.04667887 0
-0.04223014 0.9199153 -0.3898362 0
-0.06849006 0.386601 0.9197004 0
-0.1141056 1.556192 -0.2617128 1

0.9937081 0.1036457 0.04245099 0
0.07514784 -0.8980258 0.4334773 0
0.08304995 -0.4275597 -0.9001643 0
-0.07289001 1.584196 -0.2609336 1

0.9937081 0.1036457 0.04245099 0
-0.07514784 0.8980259 -0.4334773 0
-0.08304995 0.4275596 0.9001643 0
-0.09017643 1.572706 -0.276365 1

0.9937081 0.1036457 0.04245099 0
-0.07514784 0.8980259 -0.4334773 0
-0.08304995 0.4275596 0.9001643 0
-0.1107359 1.580033 -0.2624812 1

0.9937429 0.103258 0.04257858 0
-0.08500951 0.9464952 -0.3113206 0
-0.07244673 0.3057531 0.9493508 0
-0.1038056 1.670674 -0.1958658 1

0.3370322 -0.7932003 0.507191 0
0.6438673 -0.1988546 -0.7388451 0
0.6869093 0.5755782 0.4436954 0
-0.07018626 1.458555 0.001706373 1

0.8559594 -0.3641689 0.3670347 0
0.5028501 0.7515123 -0.427049 0
-0.1203131 0.5501001 0.8263866 0
-0.2143491 1.503085 0.1671264 1

0.8898958 -0.2978436 0.3455064 0
-0.1452644 0.5329553 0.8335807 0
-0.4324162 -0.7919897 0.4310085 0
-0.3646834 1.278405 0.294801 1

0.9972091 -0.07283701 -0.0163933 0
0.05841073 0.6243856 0.7789294 0
-0.04649919 -0.777713 0.6268975 0
-0.3281978 1.144541 0.08542754 1

-0.9922023 -0.03669298 -0.1191154 0
-0.04649919 -0.777713 0.6268975 0
-0.1156404 0.6275478 0.7699423 0
-0.2828817 1.095263 -0.0325276 1

0.9875202 0.05458597 0.14773 0
-0.152456 0.5666375 0.80974 0
-0.03950909 -0.822157 0.567888 0
-0.3282809 1.11296 -0.06367648 1

0.5728175 0.4512153 0.6843134 0
-0.81954 0.2996803 0.4884115 0
0.01530334 -0.8405928 0.5414511 0
-0.3199007 1.081814 -0.1081848 1

0.2222458 0.6613969 0.7163525 0
-0.9741724 0.120538 0.1909423 0
0.03994101 -0.7402868 0.6711036 0
-0.3321639 1.077193 -0.03697882 1

-0.9532046 0.1713245 0.2490958 0
-0.2991969 -0.6528108 -0.6959305 0
0.0433825 -0.7378929 0.6735222 0
-0.2764985 1.07099 -0.04718954 1

0.06239641 0.6348495 0.7701122 0
-0.9943163 -0.02715383 0.1029465 0
0.08626693 -0.7721584 0.6295468 0
-0.3295443 1.044003 -0.00983065 1

-0.9359215 0.1616039 0.3129463 0
-0.3303635 -0.710847 -0.6209326 0
0.1221117 -0.6845299 0.7186847 0
-0.2757865 1.045472 -0.01539698 1

0.1031429 0.6343681 0.7661192 0
-0.9701952 -0.1056366 0.2180879 0
0.2192781 -0.7657794 0.6045651 0
-0.3262843 1.017402 0.01368557 1

-0.9354803 0.05676776 0.3487898 0
-0.2418963 -0.8223922 -0.5149344 0
0.2576102 -0.566082 0.7830634 0
-0.2779749 1.023182 0.003440451 1

0.1414106 -0.9733502 -0.1805331 0
-0.9307162 -0.1928558 0.3107639 0
-0.337299 0.1240798 -0.9331846 0
-0.3034939 1.167117 -0.009713452 1

-0.9610507 -0.2493717 -0.1191452 0
-0.2691266 0.7463523 0.6087111 0
-0.06287089 0.6170675 -0.7843947 0
-0.2544295 1.178704 -0.02866137 1

0.9635583 -0.1150678 0.2414844 0
-0.1452644 0.5329553 0.8335807 0
-0.2246187 -0.8382828 0.4968184 0
-0.3480287 1.217305 0.1992388 1

0.8620616 -0.4721353 0.1842234 0
0.5028501 0.7515123 -0.427049 0
0.06317884 0.4607792 0.8852632 0
-0.2143491 1.503085 0.1671264 1

0.8599216 -0.3848614 0.335286 0
0.5028501 0.7515123 -0.427049 0
-0.08761698 0.5358273 0.8397692 0
-0.3098889 1.360296 0.2482663 1

0.7993058 -0.5999986 -0.03334567 0
0.2582611 0.3930953 -0.8824837 0
0.5425971 0.6967625 0.4691596 0
-0.2872791 1.557194 0.1746117 1

0.994938 -0.1004908 -0.0001800358 0
0.1004909 0.9949378 0.0005200543 0
0.0001268387 -0.0005355198 0.9999999 0
-0.1490422 0.9066441 0.113745 1

1 0 0 0
0 1 0 0
0 0 1 0
0 0 0 1

1 0 0 0
0 1 0 0
0 0 1 0
0 0 0 1

0.7722316 -0.01020544 -0.6352592 0
-0.02508261 0.9986018 -0.04653338 0
0.6348459 0.05186851 0.7708958 0
0.01838687 0.8663436 0.04027415 1

0.959574 0.1683079 0.2255886 0
0.2428643 -0.9002172 -0.361422 0
0.1422485 0.4015986 -0.9047011 0
0.1180906 0.8336798 -0.04661408 1

0.959574 0.1683079 0.2255886 0
0.1181683 -0.9683554 0.2198275 0
0.2554486 -0.1842833 -0.9490974 0
0.225037 0.4372654 -0.2057678 1

0.9917628 0.06240978 -0.1118566 0
0.06137837 -0.9980345 -0.01264389 0
-0.1124259 0.005674172 -0.9936441 0
0.2627281 0.128397 -0.1356512 1

0.9916078 0.06239023 -0.113231 0
0.06581023 -0.9974744 0.02671811 0
-0.1112781 -0.0339456 -0.9932095 0
0.2537186 0.02518904 -0.2731169 1

0.5598152 -0.2545635 -0.7885458 0
0.2942907 0.9506804 -0.09797806 0
0.7745967 -0.177212 0.6071209 0
-0.08658807 0.8363843 0.1217602 1

0.5598131 -0.25457 -0.7885452 0
-0.1561774 0.9021659 -0.402126 0
0.8137679 0.3482684 0.4652861 0
-0.21618 0.4177488 0.1649053 1

0.4415236 -0.1034301 -0.8912684 0
0.05835954 0.9945408 -0.08650411 0
0.8953497 -0.01382038 0.4451492 0
-0.1663655 0.1299919 0.2931685 1

0.4324907 -0.1036557 -0.8956602 0
-0.03960297 0.9902271 -0.1337232 0
0.9007683 0.09330475 0.424159 0
-0.295126 0.02826428 0.2411869 1

0.7788494 0.00541279 -0.6271877 0
-0.05441279 0.9967758 -0.05896804 0
0.6248463 0.08005425 0.7766327 0
0.01691349 1.002717 0.03629227 1

0.8057277 -0.03890364 -0.5910072 0
-0.05814742 0.9878244 -0.1442976 0
0.5894251 0.1506302 0.7936553 0
0.007525701 1.17469 0.02611857 1

0.7574596 -0.1308592 -0.6396333 0
-0.2504111 0.8465505 -0.4697303 0
0.6029505 0.515973 0.6084592 0
0.003045327 1.361661 0.007702872 1

-0.2410088 0.7508446 -0.6149369 0
0.5235937 -0.4329028 -0.733788 0
-0.8171687 -0.4988264 -0.2888041 0
0.03251847 1.439858 -0.07234564 1

-0.06156132 0.07772707 -0.9950724 0
-0.1902094 -0.9796059 -0.06475133 0
-0.9798116 0.1852859 0.07509008 0
0.1497508 1.342932 -0.2366403 1

-0.08047453 0.02909702 -0.9963322 0
-0.9504076 -0.3035044 0.0679017 0
-0.3004153 0.9523859 0.05207835 0
0.09288494 1.050065 -0.2559993 1

0.3873522 -0.9064164 0.1684273 0
-0.8738153 -0.4192057 -0.2464017 0
0.2939482 -0.05173008 -0.9544207 0
-0.1458328 0.9738324 -0.2389441 1

-0.2297311 0.9654404 -0.1230813 0
0.2939481 -0.05172995 -0.9544207 0
-0.927803 -0.2554395 -0.2719052 0
-0.190194 0.9628823 -0.2991626 1

-0.776021 -0.6306581 0.007883936 0
-0.6002553 0.7346577 -0.3161837 0
0.1936117 -0.2500975 -0.9486653 0
-0.246104 0.9175375 -0.3389738 1

-0.9620503 0.1088672 -0.2502148 0
0.1560283 0.9717443 -0.1771119 0
0.2238631 -0.2094309 -0.9518529 0
-0.2790976 0.9579188 -0.3563532 1

-0.7416244 -0.6677626 -0.0639292 0
-0.6172341 0.7166033 -0.3248116 0
0.2627088 -0.2014286 -0.9436158 0
-0.2601342 0.9175676 -0.2964267 1

-0.919748 0.2433187 -0.3079939 0
0.292906 0.9478154 -0.1259074 0
0.2612856 -0.206016 -0.9430203 0
-0.2945526 0.9589896 -0.3148904 1

-0.7906804 -0.6119777 -0.01755837 0
-0.5614862 0.7362804 -0.3776573 0
0.2440458 -0.2887473 -0.9257791 0
-0.2739605 0.9241734 -0.2562946 1

-0.9172437 0.2414424 -0.3168129 0
0.3148914 0.9266116 -0.2055117 0
0.2439431 -0.2882658 -0.9259564 0
-0.3043173 0.9639804 -0.2767126 1

-0.8554553 -0.4815488 -0.1905461 0
-0.3252544 0.7858995 -0.5259012 0
0.402997 -0.3879088 -0.8289272 0
-0.284532 0.9311484 -0.2229644 1

-0.8877492 0.06219681 -0.4561069 0
0.2306616 0.9175686 -0.3238268 0
0.3983682 -0.3926832 -0.8289167 0
-0.3000072 0.970594 -0.2489785 1

0.742023 -0.2150254 -0.6349537 0
-0.5815301 -0.6776672 -0.4501003 0
-0.3335043 0.7032296 -0.6278882 0
-0.1881855 0.9715869 -0.3379164 1

0.02921659 -0.6128033 -0.7896954 0
-0.9941664 0.06424703 -0.08663699 0
0.1038269 0.7876199 -0.6073512 0
-0.2215239 0.9308642 -0.3658178 1

0.198035 -0.7589215 -0.6203391 0
-0.9504076 -0.3035044 0.0679017 0
-0.2398077 0.5761282 -0.7813893 0
-0.01606797 1.015272 -0.2482152 1

-0.469145 0.1486347 -0.8705235 0
-0.1902094 -0.9796059 -0.06475133 0
-0.8623941 0.1352039 0.4878488 0
0.1497508 1.342932 -0.2366403 1

-0.3685194 0.1323764 -0.9201469 0
-0.1902094 -0.9796059 -0.06475133 0
-0.9099528 0.1511585 0.3861828 0
0.113611 1.156807 -0.2489431 1

0.01491603 0.1675727 -0.985747 0
0.5396804 -0.8312745 -0.1331467 0
-0.841738 -0.5300021 -0.1028349 0
0.1548256 1.355511 -0.3270481 1

0.9301459 0.2275987 -0.2881452 0
-0.3659946 0.6379428 -0.6775522 0
0.0296101 0.735682 0.6766797 0
-0.04303385 1.513861 -0.07800235 1

0.9917279 0.124317 0.03195563 0
-0.1126567 0.9623225 -0.2474753 0
-0.06151682 0.2418282 0.9683671 0
-0.08622997 1.588639 -0.1584188 1

0.9916199 0.1252353 0.03171924 0
-0.113603 0.9622034 -0.2475057 0
-0.06151682 0.2418282 0.9683671 0
-0.08508283 1.612623 -0.2873272 1

0.9755204 -0.19066 0.1095844 0
-0.2175887 -0.9090459 0.3553749 0
0.03186145 -0.3705198 -0.9282781 0
-0.03369883 1.615192 -0.2612584 1

0.9290297 0.3685257 -0.03305581 0
-0.3558522 0.8654482 -0.3526595 0
-0.101356 0.3393942 0.9351678 0
-0.1380762 1.600598 -0.263382 1

0.9917279 0.124317 0.03195554 0
0.1126567 -0.9623225 0.2474753 0
0.06151676 -0.2418282 -0.968367 0
-0.05111904 1.632903 -0.2577116 1

0.9917279 0.124317 0.03195563 0
-0.1126567 0.9623225 -0.2474753 0
-0.06151682 0.2418282 0.9683671 0
-0.1248048 1.623666 -0.2600857 1

0.9626927 0.259243 -0.07756406 0
0.2704946 -0.9298575 0.2493948 0
-0.007469654 -0.2610712 -0.9652907 0
-0.06883837 1.627969 -0.2968825 1

0.9716047 0.236596 0.002637982 0
-0.2284738 0.9410323 -0.2495161 0
-0.06151682 0.2418282 0.9683671 0
-0.1005654 1.62547 -0.2993634 1

0.9724094 0.1384446 0.1877588 0
0.1330797 -0.9902593 0.040947 0
0.1915988 -0.01483032 -0.9813615 0
-0.02243173 1.654203 -0.2803243 1

0.9913012 0.1139973 -0.06578031 0
-0.1211894 0.9855484 -0.1183552 0
0.05133757 0.1252975 0.9907901 0
-0.1564695 1.638345 -0.2859679 1

0.972671 0.2321565 0.00381428 0
0.2237581 -0.9416175 0.2515734 0
0.0619961 -0.2438447 -0.9678307 0
-0.05114122 1.63312 -0.257865 1

0.9981062 0.01488818 0.05968809 0
0.002491757 0.9596915 -0.2810447 0
-0.06146643 0.2806612 0.9578367 0
-0.1247859 1.623496 -0.2600102 1

0.9895369 0.142418 0.02310675 0
-0.1333614 0.9639606 -0.2302061 0
-0.0550594 0.2247159 0.9728675 0
-0.08579585 1.595526 -0.1986839 1

0.9504997 0.3106858 -0.005005181 0
0.306277 -0.9340525 0.1836863 0
0.05239362 -0.1761267 -0.9829723 0
-0.05587669 1.558474 -0.2952863 1

0.9885517 0.1493502 0.02144986 0
-0.1411599 0.9656639 -0.2180992 0
-0.05328643 0.2125744 0.9756908 0
-0.07775804 1.556607 -0.298794 1

0.9983847 -0.02759905 0.04966339 0
0.03593808 0.9837779 -0.1757551 0
-0.04400697 0.1772561 0.9831804 0
-0.1018364 1.55264 -0.294298 1

0.9901081 0.1338708 0.04200915 0
0.1172902 -0.9540288 0.2758123 0
0.07700115 -0.2681568 -0.9602933 0
-0.03201777 1.568167 -0.2629348 1

0.988111 0.1535891 0.006871849 0
-0.1457228 0.9498781 -0.2765799 0
-0.04900691 0.2722903 0.9609663 0
-0.1301563 1.55577 -0.263065 1

0.9830716 0.1821713 0.01959699 0
0.1666711 -0.9335608 0.3173101 0
0.07609972 -0.3086723 -0.9481197 0
-0.05674861 1.574106 -0.2863042 1

0.9907979 0.1319863 0.02998909 0
-0.1159938 0.9421792 -0.3143947 0
-0.06975085 0.308023 0.9488186 0
-0.07932711 1.568497 -0.2902922 1

0.9956869 0.08654501 0.03342736 0
-0.07087466 0.9420505 -0.3278994 0
-0.05986825 0.324116 0.9441211 0
-0.1046925 1.568821 -0.2863699 1

0.9916817 0.1247112 0.03185415 0
0.1040228 -0.9222651 0.3722987 0
0.07580763 -0.3658884 -0.9275662 0
-0.06410751 1.597623 -0.2844535 1

0.9916817 0.1247112 0.03185415 0
-0.1040228 0.9222652 -0.3722987 0
-0.07580769 0.3658884 0.9275662 0
-0.08143253 1.586847 -0.3003278 1

0.9916817 0.1247112 0.03185415 0
-0.1040228 0.9222652 -0.3722987 0
-0.07580769 0.3658884 0.9275662 0
-0.1018887 1.592754 -0.2856378 1

0.9917279 0.124317 0.03195563 0
-0.1126822 0.9624227 -0.2470744 0
-0.06147024 0.2414297 0.9684696 0
-0.09578589 1.67899 -0.2133501 1

0.3080891 -0.8096654 0.499523 0
0.7125399 -0.1515253 -0.6850746 0
0.6303714 0.5669939 0.5302355 0
-0.06876992 1.463743 -0.01713085 1

0.8643785 -0.3242452 0.3843375 0
0.474912 0.7776025 -0.4120596 0
-0.1652536 0.5387017 0.8261306 0
-0.228308 1.497676 0.1362502 1

0.8934968 -0.2611541 0.3653249 0
-0.1414368 0.6084592 0.7808797 0
-0.4262151 -0.7493839 0.5067195 0
-0.3702897 1.265197 0.2594434 1

0.9972253 -0.07413902 -0.006725729 0
0.04807898 0.5724429 0.8185338 0
-0.05683503 -0.8165861 0.5744193 0
-0.3347655 1.112368 0.0633072 1

-0.9904242 -0.02639098 -0.1355133 0
-0.05683503 -0.8165861 0.5744193 0
-0.1258179 0.5766204 0.8072664 0
-0.2878188 1.070724 -0.05693025 1

0.9853688 0.04236079 0.1650875 0
-0.1632223 0.5133557 0.8425109 0
-0.04905897 -0.8571298 0.5127589 0
-0.3327325 1.090517 -0.08751649 1

0.5640261 0.4043038 0.7200091 0
-0.8257346 0.2697046 0.4954012 0
0.006103039 -0.8739554 0.485968 0
-0.3237605 1.0623 -0.1338261 1

0.2128643 0.6130182 0.7608533 0
-0.976651 0.1103693 0.184314 0
0.02901304 -0.782322 0.6221986 0
-0.3370597 1.053105 -0.06325272 1

-0.9564499 0.1572272 0.2459336 0
-0.2900903 -0.6055794 -0.7410272 0
0.03242278 -0.7800985 0.6248165 0
-0.2812618 1.047436 -0.07304177 1

0.05220908 0.5834462 0.810472 0
-0.9957488 -0.0312578 0.08664644 0
0.07588722 -0.8115501 0.5793339 0
-0.3348875 1.018219 -0.0382787 1

-0.9401117 0.1433455 0.3092617 0
-0.3224351 -0.6682749 -0.6704063 0
0.1105722 -0.7299733 0.6744724 0
-0.2810522 1.019909 -0.04296365 1

0.09300852 0.5831217 0.8070432 0
-0.9734272 -0.1170983 0.1967922 0
0.2092572 -0.8039014 0.5567355 0
-0.3320116 0.9901413 -0.0164923 1

-0.9403574 0.03640597 0.338235 0
-0.2356943 -0.7866781 -0.5706011 0
0.2453087 -0.616289 0.7483393 0
-0.2835494 0.9964508 -0.02564469 1

0.1424742 -0.9599582 -0.2412085 0
-0.9354374 -0.2102397 0.2841767 0
-0.3235093 0.1851476 -0.9279345 0
-0.3086462 1.141001 -0.02980436 1

-0.9596127 -0.2386987 -0.1488842 0
-0.276757 0.7060113 0.6518849 0
-0.05049008 0.6667619 -0.7435588 0
-0.2592934 1.153667 -0.04725296 1

0.9630661 -0.09800176 0.2507979 0
-0.1414368 0.6084592 0.7808797 0
-0.2291277 -0.7875109 0.5721254 0
-0.3540738 1.195441 0.1699231 1

0.876994 -0.4570673 0.1482269 0
0.474912 0.7776025 -0.4120596 0
0.0730772 0.4317684 0.8990195 0
-0.228308 1.497676 0.1362502 1

0.8739253 -0.3616511 0.3247511 0
0.474912 0.7776025 -0.4120596 0
-0.1035056 0.5143374 0.8513188 0
-0.3185395 1.349931 0.2145421 1

0.8127707 -0.5824425 0.01283032 0
0.3278637 0.4390917 -0.8364831 0
0.4815695 0.6840755 0.5478425 0
-0.3032731 1.550124 0.1396533 1

0.994476 -0.1049626 -0.0006276965 0
0.1049635 0.9944745 0.001797125 0
0.00043571 -0.001853092 0.9999982 0
-0.1448318 0.9113766 0.1008854 1

1 0 0 0
0 1 0 0
0 0 1 0
0 0 0 1

1 0 0 0
0 1 0 0
0 0 1 0
0 0 0 1

0.7729915 -0.01039032 -0.6343313 0
-0.02901299 0.9982408 -0.05170617 0
0.6337526 0.05837227 0.7713302 0
0.02517401 0.8713716 0.02592233 1

0.972875 0.1689386 0.1580315 0
0.2147443 -0.9135538 -0.3454045 0
0.08601812 0.3699718 -0.9250524 0
0.1251065 0.8386595 -0.06068451 1

0.972875 0.1689386 0.1580315 0
0.1297066 -0.9640169 0.2320511 0
0.1915475 -0.205259 -0.9597805 0
0.21967 0.4363722 -0.2127849 1

0.9912659 0.06020927 -0.1173322 0
0.05899148 -0.9981627 -0.01382761 0
-0.1179492 0.006785304 -0.9929965 0
0.2610415 0.1288876 -0.1387694 1

0.9911035 0.06019124 -0.1187058 0
0.06364397 -0.9976466 0.02550952 0
-0.1168911 -0.03283749 -0.9926019 0
0.2510265 0.02581853 -0.2762698 1

0.5481367 -0.2705449 -0.7914239 0
0.2766814 0.9516184 -0.1336784 0
0.7892995 -0.1456982 0.5964716 0
-0.07977363 0.841413 0.1074439 1

0.5481351 -0.2705501 -0.7914231 0
-0.09759788 0.9190831 -0.3817866 0
0.830676 0.2865119 0.4773765 0
-0.2016112 0.4223645 0.1663097 1

0.4411003 -0.101164 -0.8917378 0
0.05909361 0.9947441 -0.08361879 0
0.8955102 -0.01581174 0.44476 0
-0.1704814 0.1292117 0.2880853 1

0.4320657 -0.1013696 -0.8961269 0
-0.03889032 0.9906442 -0.1308123 0
0.9010032 0.09137016 0.424081 0
-0.2993403 0.02773577 0.2358565 1

0.7770485 0.01759493 -0.6291948 0
-0.09253414 0.9919417 -0.08653978 0
0.6226019 0.1254676 0.7724149 0
0.02316112 1.007716 0.02123619 1

0.8047935 -0.04153689 -0.5920999 0
-0.0692656 0.9841606 -0.1631878 0
0.5894997 0.1723446 0.7891688 0
0.00719629 1.178855 0.006305557 1

0.7833704 -0.1556735 -0.6017447 0
-0.1993222 0.8540789 -0.4804372 0
0.5887289 0.4963012 0.6380309 0
0.00063085 1.365375 -0.01570309 1

-0.2370216 0.7844391 -0.573128 0
0.5456899 -0.3805835 -0.7465781 0
-0.8037682 -0.4897054 -0.337854 0
0.03653608 1.442543 -0.09410749 1

-0.006446362 0.1337525 -0.9909939 0
-0.2486467 -0.9601039 -0.1279658 0
-0.9685729 0.2455823 0.03944632 0
0.1587157 1.35733 -0.2612659 1

-0.02452114 0.09434757 -0.9952374 0
-0.9123926 -0.4089918 -0.01629201 0
-0.4085809 0.9076476 0.09611103 0
0.08437929 1.070294 -0.2995237 1

0.3895167 -0.9170498 0.08542278 0
-0.8670995 -0.3964008 -0.3016703 0
0.3105083 0.04343548 -0.9495782 0
-0.1447902 0.9675657 -0.3036158 1

-0.2330289 0.971952 -0.03174051 0
0.3105082 0.04343551 -0.949578 0
-0.9215652 -0.2311347 -0.3119207 0
-0.2007658 0.9639698 -0.3694739 1

-0.6936535 -0.7190068 -0.04329535 0
-0.6774369 0.6716154 -0.3000208 0
0.2447948 -0.1787807 -0.9529498 0
-0.2430179 0.9209764 -0.410434 1

-0.9533797 0.03935484 -0.2991968 0
0.06617877 0.9945917 -0.08005305 0
0.294428 -0.0961215 -0.9508275 0
-0.2802539 0.9578924 -0.4269249 1

-0.7022103 -0.697716 -0.1417504 0
-0.6533661 0.7106102 -0.2610488 0
0.2828673 -0.09069624 -0.9548616 0
-0.2577732 0.9167715 -0.3683424 1

-0.9232771 0.2438875 -0.29678 0
0.2611616 0.9651009 -0.01937012 0
0.2816986 -0.09539154 -0.9547496 0
-0.2942853 0.9578849 -0.3831026 1

-0.781774 -0.6173167 -0.0880326 0
-0.5679706 0.7632154 -0.3080779 0
0.2573695 -0.1908475 -0.9472797 0
-0.2723207 0.9193485 -0.3280047 1

-0.9223919 0.244137 -0.2993169 0
0.2881935 0.9509433 -0.1124794 0
0.2571731 -0.1900114 -0.9475009 0
-0.303028 0.9606118 -0.344661 1

-0.844502 -0.4663823 -0.2632565 0
-0.3207077 0.8340783 -0.4488436 0
0.4289092 -0.2946211 -0.853953 0
-0.2834995 0.9229739 -0.2943418 1

-0.8580161 0.1690349 -0.4850112 0
0.2894329 0.939211 -0.1846941 0
0.4243081 -0.2988488 -0.8547821 0
-0.2987568 0.964805 -0.3164675 1

0.7773546 -0.08469305 -0.6233357 0
-0.5368025 -0.6059219 -0.5871132 0
-0.3279683 0.7910032 -0.5164794 0
-0.1854313 0.9748876 -0.4030592 1

0.06835327 -0.464572 -0.8828936 0
-0.9973189 -0.008633399 -0.07266912 0
0.02613759 0.8854934 -0.4639165 0
-0.2160453 0.9386629 -0.4390985 1

0.3126255 -0.6706181 -0.6727085 0
-0.9123926 -0.4089918 -0.01629201 0
-0.2642065 0.6188675 -0.7397283 0
-0.02021575 1.023408 -0.3013915 1

-0.5284742 0.2451924 -0.8127704 0
-0.2486467 -0.9601039 -0.1279658 0
-0.8117203 0.134466 0.5683564 0
0.1587157 1.35733 -0.2612659 1

-0.380483 0.2183121 -0.8986503 0
-0.2486467 -0.9601039 -0.1279658 0
-0.8907343 0.1747576 0.4195858 0
0.1114728 1.174911 -0.2855794 1

0.03490418 0.2282234 -0.9729829 0
0.5535159 -0.815028 -0.171317 0
-0.8321069 -0.5325819 -0.1547731 0
0.1653631 1.375717 -0.3496669 1

0.9501299 0.1977946 -0.2411034 0
-0.3112584 0.6492671 -0.6939529 0
0.0192804 0.7343907 0.6784531 0
-0.03619957 1.518963 -0.1033838 1

0.9955394 0.08833834 0.03313425 0
-0.08183588 0.9832789 -0.1626821 0
-0.04695123 0.1592449 0.9861221 0
-0.07193621 1.593649 -0.1847742 1

0.9953765 0.09027267 0.03281415 0
-0.08379439 0.9831032 -0.162747 0
-0.04695123 0.1592449 0.9861221 0
-0.07083326 1.628618 -0.3111463 1

0.9692529 -0.2314573 0.08352518 0
-0.2457101 -0.9286572 0.2778899 0
0.01324657 -0.2898686 -0.9569752 0
-0.01922107 1.627232 -0.2854412 1

0.9404061 0.3399017 -0.01016286 0
-0.3295446 0.9035639 -0.2738116 0
-0.08388618 0.2608432 0.9617299 0
-0.1240295 1.616346 -0.2878364 1

0.9955394 0.08833832 0.03313416 0
0.08183588 -0.9832789 0.1626821 0
0.04695109 -0.159245 -0.9861221 0
-0.03601152 1.645136 -0.2802188 1

0.9955394 0.08833834 0.03313425 0
-0.08183588 0.9832789 -0.1626821 0
-0.04695123 0.1592449 0.9861221 0
-0.1099804 1.638572 -0.2826805 1

0.9703394 0.2330966 -0.06409025 0
0.2406862 -0.9563213 0.1658921 0
-0.02262208 -0.1763973 -0.9840592 0
-0.05414633 1.644204 -0.319502 1

0.9790131 0.2033308 0.01377764 0
-0.1983149 0.9660732 -0.1654495 0
-0.04695123 0.1592449 0.9861221 0
-0.08595259 1.642945 -0.3218829 1

0.9777357 0.08959547 0.1897513 0
0.09994361 -0.9939446 -0.0456683 0
0.1845106 0.06361592 -0.9807698 0
-0.006773487 1.66735 -0.3011858 1

0.9941204 0.08651207 -0.06511867 0
-0.08872982 0.9955426 -0.03196749 0
0.06206268 0.03755749 0.9973654 0
-0.141301 1.656439 -0.3068978 1

0.9799373 0.1987736 0.01455766 0
0.1935958 -0.9666783 0.1674935 0
0.04736581 -0.1613149 -0.9857659 0
-0.03602742 1.645366 -0.2803527 1

0.9984139 -0.02322625 0.0512872 0
0.03293473 0.9797609 -0.1974431 0
-0.0456633 0.1988191 0.978972 0
-0.1099653 1.638374 -0.2826087 1

0.9939003 0.1071979 0.02589667 0
-0.1023592 0.9841022 -0.1451406 0
-0.04104376 0.1416046 0.9890723 0
-0.0715363 1.603968 -0.2242998 1

0.9605746 0.2777334 0.01266441 0
0.2751564 -0.9562109 0.09975195 0
0.03981429 -0.09233467 -0.9949322 0
-0.0435193 1.574425 -0.3240111 1

0.9933477 0.1123771 0.02513227 0
-0.1080984 0.9852291 -0.1328103 0
-0.03968599 0.1292102 0.9908228 0
-0.06547374 1.57359 -0.327459 1

0.9972356 -0.06409987 0.03758475 0
0.06728865 0.993591 -0.09082459 0
-0.03152204 0.09310268 0.9951575 0
-0.08964185 1.570046 -0.323093 1

0.9944698 0.09523048 0.04428682 0
0.08510421 -0.9777917 0.1915233 0
0.06154209 -0.1866951 -0.9804888 0
-0.01913465 1.580498 -0.2911732 1

0.992718 0.119989 0.01066062 0
-0.1157158 0.9744621 -0.1924409 0
-0.03347921 0.189806 0.9812508 0
-0.1176335 1.5714 -0.2914396 1

0.988876 0.1464709 0.02589619 0
0.1364407 -0.9625663 0.2342008 0
0.05923057 -0.2280623 -0.9718433 0
-0.04380527 1.589244 -0.3137095 1

0.9948551 0.09617532 0.03184381 0
-0.08629056 0.9691074 -0.2310518 0
-0.05308151 0.2271152 0.9724203 0
-0.06658562 1.584747 -0.3179512 1

0.9982343 0.05055912 0.03117639 0
-0.0414106 0.9686514 -0.2449491 0
-0.04258347 0.2432256 0.9690347 0
-0.09190167 1.585564 -0.3137733 1

0.9955057 0.08874118 0.03306746 0
0.07537899 -0.9538815 0.2905654 0
0.05732763 -0.286767 -0.9562836 0
-0.05035337 1.612726 -0.3097697 1

0.9955057 0.08874118 0.03306746 0
-0.07537898 0.9538816 -0.2905654 0
-0.05732769 0.2867669 0.9562836 0
-0.06814215 1.603998 -0.3263577 1

0.9955057 0.08874118 0.03306746 0
-0.07537898 0.9538816 -0.2905654 0
-0.05732769 0.2867669 0.9562836 0
-0.08829046 1.609287 -0.3110208 1

0.9955394 0.08833834 0.03313425 0
-0.08185536 0.9833448 -0.1622739 0
-0.04691741 0.1588378 0.9861892 0
-0.07880823 1.688669 -0.2316353 1

0.2866739 -0.8314643 0.4759049 0
0.7757567 -0.09002253 -0.624578 0
0.5621564 0.5482365 0.6192067 0
-0.0658451 1.468099 -0.0374164 1

0.876469 -0.3128556 0.3659556 0
0.4340223 0.8424183 -0.3193057 0
-0.2083913 0.4386944 0.8741398 0
-0.239537 1.488262 0.1024199 1

0.899496 -0.2540461 0.3554825 0
-0.1184573 0.6413301 0.7580658 0
-0.4205652 -0.7239864 0.5467801 0
-0.3692939 1.236405 0.1978826 1

0.997614 -0.06895656 0.003401756 0
0.03080797 0.4887226 0.871895 0
-0.06178552 -0.8697099 0.4896809 0
-0.3395415 1.075319 0.007476572 1

-0.9878078 -0.01695679 -0.1547531 0
-0.06178552 -0.8697099 0.4896809 0
-0.1428939 0.4932721 0.8580585 0
-0.2903158 1.045989 -0.1154535 1

0.9821777 0.02984862 0.18557 0
