MeshAnim
1
277
79
30
0.7454531 0.03277162 -0.6657519 0
-0.08392826 0.9954563 -0.04497452 0
0.6612531 0.08940181 0.7448165 0
0.01312186 0.8646535 0.001025329 1

0.9711869 0.201375 0.1274529 0
0.2314088 -0.9246907 -0.3023203 0
0.05697456 0.3231032 -0.9446473 0
0.1109634 0.837581 -0.08981209 1

0.9711869 0.201375 0.1274529 0
0.159024 -0.9459112 0.2827788 0
0.1775035 -0.254363 -0.9506799 0
0.2128653 0.4303895 -0.2229401 1

0.9913281 0.0623183 -0.1156931 0
0.06203513 -0.9980558 -0.006050832 0
-0.1158454 -0.001178723 -0.9932668 0
0.2635878 0.1286801 -0.1327445 1

0.9911686 0.06228925 -0.1170669 0
0.06660189 -0.9972244 0.0332909 0
-0.1146684 -0.04079388 -0.9925661 0
0.2541783 0.02453077 -0.2694716 1

0.5240164 -0.2952278 -0.7989038 0
0.2952321 0.9428086 -0.154758 0
0.7989023 -0.1547663 0.5812079 0
-0.08661766 0.8288945 0.08664428 1

0.5240145 -0.295234 -0.7989029 0
-0.1529722 0.8901221 -0.4292811 0
0.8378594 0.3471594 0.4212742 0
-0.2166241 0.4137254 0.1547926 1

0.4442987 -0.1024956 -0.8899962 0
0.05992603 0.9946091 -0.0846272 0
0.8938723 -0.0157342 0.4480458 0
-0.167832 0.1298102 0.2917172 1

0.4352801 -0.1027019 -0.894418 0
-0.03788717 0.9905024 -0.1321731 0
0.8994975 0.09141927 0.4272549 0
-0.2965532 0.02833754 0.2391433 1

0.5790763 -0.1441993 -0.8024196 0
-0.03839955 0.9783173 -0.2035207 0
0.8143686 0.1486665 0.5609832 0
0.0005223583 1.000307 -0.006411132 1

0.5966437 -0.1106591 -0.7948402 0
-0.08588547 0.9759539 -0.2003437 0
0.7978973 0.187799 0.5727928 0
-0.006102708 1.169095 -0.04152448 1

0.6018137 -0.4310385 -0.6723289 0
-0.2636805 0.6873981 -0.6767247 0
0.753852 0.5845422 0.3000292 0
-0.01351334 1.354244 -0.07286392 1

-0.08079726 0.8532751 -0.5151634 0
0.7601984 -0.2815268 -0.5855265 0
-0.6446473 -0.4389353 -0.6259117 0
0.006249364 1.398742 -0.1778431 1

0.328541 0.5715632 -0.7519152 0
0.3881676 -0.8074768 -0.4441927 0
-0.8610381 -0.1459335 -0.4871515 0
0.1764536 1.33571 -0.3089328 1

0.3273058 0.5714101 -0.75257 0
-0.1574149 -0.7523365 -0.6396955 0
-0.9317143 0.3278416 -0.1562954 0
0.2925017 1.094304 -0.4417307 1

0.584067 0.3345838 -0.7395403 0
-0.3983716 -0.6756626 -0.6203064 0
-0.707224 0.6569123 -0.2613431 0
0.2529632 0.9053371 -0.6024055 1

-0.506017 -0.2121732 0.83602 0
-0.707224 0.6569123 -0.2613431 0
-0.4937418 -0.7234974 -0.4824629 0
0.1412099 0.8354165 -0.647928 1

-0.4853778 -0.5173264 -0.7048276 0
-0.5761989 -0.4170458 0.7028997 0
-0.6575738 0.7472927 -0.09565797 0
0.1473825 0.8572451 -0.7012447 1

-0.2904764 -0.1296704 0.9480556 0
0.6934314 0.6542054 0.3019407 0
-0.6593757 0.745118 -0.1001136 0
0.115711 0.8343217 -0.662609 1

-0.424289 -0.6902292 -0.5861422 0
-0.5668643 -0.3023159 0.7663356 0
-0.7061471 0.6574104 -0.2629968 0
0.179312 0.8272378 -0.6919082 1

-0.2680741 0.1018994 0.9579941 0
0.6550894 0.7484001 0.1037073 0
-0.7063951 0.6553727 -0.2673798 0
0.1474221 0.8107114 -0.6477354 1

-0.4472658 -0.8429497 -0.2989801 0
-0.4313581 -0.089532 0.8977274 0
-0.7835072 0.5304902 -0.3235683 0
0.2070689 0.7980373 -0.6769991 1

-0.274377 0.1718514 0.946142 0
0.5575247 0.8300886 0.0109075 0
-0.7835072 0.5304902 -0.3235685 0
0.1837475 0.7931967 -0.6284634 1

-0.5016286 -0.8619285 -0.07381088 0
-0.411707 0.1628223 0.8966532 0
-0.7608326 0.4801752 -0.4365379 0
0.2299702 0.774538 -0.6630487 1

-0.1137288 0.5709319 0.8130823 0
0.6365783 0.6702057 -0.3815661 0
-0.7627803 0.4741954 -0.4396643 0
0.2098838 0.7833344 -0.6184244 1

-0.4607494 0.6738095 -0.5776598 0
-0.7956562 -0.6019709 -0.06754044 0
-0.3932442 0.4284994 0.8134788 0
0.1519179 0.906784 -0.6395816 1

-0.9129535 -0.4027009 -0.06593835 0
0.3293942 -0.8226423 0.4634209 0
-0.240864 0.4013621 0.8836818 0
0.1037437 0.8721101 -0.6446053 1

0.491936 0.5019381 -0.7113769 0
-0.1574149 -0.7523365 -0.6396955 0
-0.8562822 0.4266707 -0.2910887 0
0.2744559 1.008058 -0.5150641 1

-0.02419272 0.4729814 -0.8807403 0
0.3881151 -0.8074517 -0.4442847 0
-0.9212934 -0.352577 -0.1640366 0
0.1764536 1.33571 -0.3089329 1

0.06200337 0.5037754 -0.8616067 0
0.3881676 -0.8074768 -0.4441927 0
-0.9195008 -0.3069064 -0.2456154 0
0.2502054 1.182289 -0.3933295 1

0.3200317 0.3531927 -0.8791102 0
0.6091702 -0.7873797 -0.09457631 0
-0.7255971 -0.5052603 -0.4671409 0
0.2026886 1.366419 -0.3793883 1

0.9328108 -0.07344866 -0.352802 0
-0.266172 0.5195497 -0.811924 0
0.2429328 0.8512775 0.4650918 0
-0.06220106 1.4776 -0.1955301 1

0.9970417 0.03528743 -0.06828317 0
-0.04362219 0.991235 -0.124701 0
0.06328428 0.1273108 0.9898419 0
-0.09447134 1.54059 -0.2939667 1

0.9970417 0.03528743 -0.06828317 0
-0.04362219 0.991235 -0.124701 0
0.06328428 0.1273108 0.9898419 0
-0.1044014 1.579799 -0.4186983 1

0.9584286 -0.2842596 -0.02471524 0
-0.2668624 -0.9236781 0.2749613 0
-0.1009892 -0.2569352 -0.9611378 0
-0.05059282 1.575105 -0.3985974 1

0.9397442 0.3262931 -0.1020483 0
-0.3412772 0.9130237 -0.2234229 0
0.02027121 0.244787 0.969365 0
-0.1549312 1.570718 -0.3910174 1

0.9970416 0.03528738 -0.06828329 0
0.04362219 -0.991235 0.124701 0
-0.06328443 -0.1273108 -0.9898419 0
-0.06573267 1.593406 -0.3911038 1

0.9970417 0.03528743 -0.06828317 0
-0.04362219 0.991235 -0.124701 0
0.06328428 0.1273108 0.9898419 0
-0.1398133 1.590783 -0.3860303 1

0.9700437 0.1844316 -0.1581148 0
0.20321 -0.9726954 0.1121135 0
-0.1331203 -0.1408854 -0.9810354 0
-0.08782223 1.594743 -0.4282888 1

0.984998 0.1515832 -0.08247083 0
-0.1605429 0.9802114 -0.1158081 0
0.06328428 0.1273108 0.9898419 0
-0.1197283 1.595282 -0.4273842 1

0.995488 0.03205714 0.08930662 0
0.03965321 -0.9956239 -0.08462293 0
0.08620328 0.08778249 -0.992403 0
-0.03761598 1.614782 -0.4143521 1

0.9854568 0.03693241 -0.1658643 0
-0.03638812 0.9993177 0.006320313 0
0.1659843 -0.0001928713 0.9861284 0
-0.1724189 1.611134 -0.4063294 1

0.985744 0.1469599 -0.08192387 0
0.156032 -0.9806405 0.1183145 0
-0.06295034 -0.1294106 -0.989591 0
-0.06574953 1.593641 -0.3912287 1

0.9955928 -0.07683611 -0.05376935 0
0.06660839 0.9829604 -0.1713244 0
0.06601715 0.1669878 0.9837464 0
-0.1398153 1.590779 -0.3860615 1

0.994819 0.09605949 -0.03327972 0
-0.09896009 0.9899881 -0.1006506 0
0.02327812 0.1034222 0.9943651 0
-0.09755681 1.552232 -0.3330028 1

0.9278238 0.3727747 0.01348886 0
0.3730008 -0.9268193 -0.04332085 0
-0.003647238 0.0452255 -0.9989703 0
-0.07528791 1.510266 -0.4337072 1

0.995762 0.08611978 -0.03226811 0
-0.08542855 0.9960964 0.02222426 0
0.03405595 -0.01937356 0.9992321 0
-0.09965491 1.530427 -0.4372534 1

0.9754207 -0.1828541 -0.1229588 0
0.1871087 0.9820485 0.02389521 0
0.116382 -0.04631456 0.9921241 0
-0.1250499 1.507923 -0.4276716 1

0.9974815 -0.06670961 -0.024097 0
-0.06000529 -0.9748182 0.2147767 0
-0.03781781 -0.2127897 -0.9763661 0
-0.05209322 1.517568 -0.4057915 1

0.962059 0.243123 -0.1238291 0
-0.2634881 0.9456961 -0.1903489 0
0.07082653 0.2157543 0.9738756 0
-0.149674 1.511074 -0.3962039 1

0.9878511 0.1553199 0.005093396 0
0.1462507 -0.9402532 0.3074647 0
0.05254462 -0.3029843 -0.9515459 0
-0.07602739 1.543726 -0.4250278 1

0.9929485 0.0916066 -0.07524297 0
-0.110442 0.9454949 -0.3063365 0
0.04307932 0.3124863 0.948945 0
-0.1018797 1.538258 -0.4258866 1

0.9919999 0.02895763 -0.1228727 0
-0.07085997 0.9332624 -0.3521369 0
0.1044753 0.3580265 0.927848 0
-0.1287042 1.540246 -0.4193744 1

0.9970236 0.03569349 -0.06833425 0
0.05194678 -0.9659766 0.2533586 0
-0.05696586 -0.2561542 -0.964956 0
-0.08506303 1.565569 -0.4202811 1

0.9970236 0.03569349 -0.06833425 0
-0.05194674 0.9659768 -0.2533585 0
0.05696589 0.2561541 0.9649559 0
-0.1047276 1.557109 -0.4351993 1

0.9970236 0.03569349 -0.06833425 0
-0.05194674 0.9659768 -0.2533585 0
0.05696589 0.2561541 0.9649559 0
-0.1227421 1.56408 -0.4176807 1

0.9970417 0.03528743 -0.06828317 0
-0.043596 0.9912876 -0.1242911 0
0.06330231 0.1269002 0.9898936 0
-0.1008507 1.6374 -0.3370826 1

0.3036539 -0.8621316 0.4056149 0
0.4116153 -0.2652377 -0.8719071 0
0.8592829 0.4317153 0.2743261 0
-0.06082902 1.44344 -0.1139967 1

-0.3041177 -0.7416517 -0.5978839 0
0.5130628 0.4012974 -0.7587667 0
0.8026699 -0.5375065 0.2584723 0
-0.1529803 1.502684 0.081262 1

-0.3029719 -0.742293 -0.59767 0
0.9257963 -0.3780225 0.0001893044 0
-0.2260732 -0.5532633 0.8017422 0
-0.3050142 1.383768 0.3061014 1

-0.02700531 -0.2045296 -0.9784879 0
0.9170104 -0.3947399 0.05720243 0
-0.3979478 -0.895739 0.1982156 0
-0.535524 1.47789 0.3060552 1

-0.1354802 0.2631813 0.9551865 0
-0.3579418 -0.9119631 0.2005028 0
0.9238631 -0.3147368 0.2177564 0
-0.6174264 1.55175 0.2370328 1

0.769291 -0.6193448 -0.156855 0
0.2587171 0.07750559 0.9628388 0
-0.5841719 -0.7812843 0.2198594 0
-0.6328175 1.592292 0.2800637 1

0.544338 -0.2029718 0.81394 0
-0.6227306 0.5523329 0.5541979 0
-0.5620524 -0.8085364 0.1742589 0
-0.6470385 1.588032 0.2271398 1

0.7923763 -0.5525463 -0.2585196 0
0.3167763 0.01052445 0.9484419 0
-0.5213373 -0.8334158 0.1833728 0
-0.6521906 1.553267 0.2904975 1

0.4697247 -0.1382675 0.8719178 0
-0.7272003 0.4993823 0.4709531 0
-0.5005379 -0.8552774 0.1340241 0
-0.6694472 1.552172 0.2362548 1

0.8709317 -0.4029985 -0.2811946 0
0.325804 0.04517306 0.9443576 0
-0.3678721 -0.9140851 0.1706409 0
-0.6687821 1.513845 0.2945102 1

0.5664499 -0.106132 0.8172334 0
-0.7457647 0.3559603 0.5631406 0
-0.3506698 -0.9284548 0.122484 0
-0.6863967 1.511404 0.2434537 1

0.9086954 -0.3581371 -0.2145004 0
0.222432 -0.01943986 0.9747545 0
-0.3532655 -0.9334667 0.06199616 0
-0.6812094 1.480513 0.2969124 1

0.5982811 -0.1910483 0.7781777 0
-0.7344059 0.2576829 0.6278914 0
-0.3204805 -0.9471537 0.01385975 0
-0.6915309 1.481217 0.2482801 1

-0.946324 -0.278403 -0.164203 0
-0.1045386 -0.2170887 0.9705383 0
-0.3058474 0.9356093 0.1763325 0
-0.5574893 1.568252 0.2568046 1

-0.05571061 -0.2536296 0.965696 0
0.9542382 0.2710916 0.1262488 0
-0.2938123 0.9285375 0.2269207 0
-0.5496231 1.581661 0.1993016 1

-0.1957454 -0.4798189 -0.8552529 0
0.9257963 -0.3780225 0.0001893044 0
-0.3233956 -0.7917532 0.5182107 0
-0.41115 1.427103 0.3060792 1

0.7505813 -0.6385409 0.1699805 0
0.513193 0.4012749 -0.7586908 0
0.4162461 0.6566918 0.6288841 0
-0.1529803 1.502684 0.081262 1

0.4193979 -0.8884784 -0.1863111 0
0.5130628 0.4012974 -0.7587667 0
0.748914 0.2226359 0.6241485 0
-0.250463 1.426436 0.2254265 1

0.6545957 -0.7211048 -0.226963 0
0.1108917 0.3885671 -0.9147233 0
0.7478016 0.5736056 0.3343188 0
-0.2051976 1.563121 0.09946286 1

0.7454531 0.03277162 -0.6657519 0
0.03291443 0.9957624 0.08587119 0
0.6657449 -0.08592578 0.7412156 0
-0.1498402 0.9004018 0.068163 1

1 0 0 0
0 1 0 0
0 0 1 0
0 0 0 1

1 0 0 0
0 1 0 0
0 0 1 0
0 0 0 1

0.7506638 0.03875337 -0.6595469 0
-0.09173775 0.9947218 -0.04596398 0
0.6542844 0.09500884 0.7502568 0
0.01362385 0.863871 -0.001429575 1

0.9718655 0.199277 0.1255633 0
0.2286933 -0.9259313 -0.3005846 0
0.05636325 0.3208433 -0.9454539 0
0.1124361 0.837584 -0.09144318 1

0.9718655 0.199277 0.1255633 0
0.1565191 -0.9447698 0.2879454 0
0.1760092 -0.2601912 -0.9493797 0
0.2131422 0.4298461 -0.2238069 1

0.991307 0.06228679 -0.1158911 0
0.06197126 -0.9980582 -0.006328401 0
-0.1160603 -0.0009085573 -0.9932419 0
0.2630658 0.1285007 -0.1319633 1

0.9911176 0.06430261 -0.1164088 0
0.06881844 -0.9970086 0.03519345 0
-0.1137976 -0.04289196 -0.9925779 0
0.2536201 0.02438831 -0.2687159 1

0.5194818 -0.3002894 -0.7999781 0
0.2981845 0.9410675 -0.1596183 0
0.8007649 -0.1556222 0.5784091 0
-0.08652602 0.827312 0.08336855 1

0.5194799 -0.3002957 -0.799977 0
-0.156517 0.8869318 -0.4345741 0
0.8400257 0.3509625 0.4137418 0
-0.2178326 0.4129096 0.1536571 1

0.4438089 -0.1044848 -0.8900094 0
0.0586632 0.9944366 -0.08749149 0
0.8941992 -0.01338131 0.4474692 0
-0.1679098 0.130012 0.2922699 1

0.434707 -0.1058272 -0.8943325 0
-0.03974482 0.9898496 -0.1364486 0
0.8996946 0.09486027 0.4260884 0
-0.2965442 0.02823502 0.2400735 1

0.5870786 -0.143934 -0.7966315 0
-0.04369403 0.9769983 -0.2087227 0
0.8083498 0.1573447 0.5672858 0
-2.892502E-05 0.9994144 -0.009010483 1

0.6056483 -0.1117724 -0.7878433 0
-0.08823364 0.9745471 -0.2060893 0
0.7908256 0.1943319 0.5803707 0
-0.007567443 1.167975 -0.04502134 1

0.61164 -0.4326393 -0.6623592 0
-0.2565203 0.6835402 -0.683352 0
0.7483941 0.5878741 0.3070999 0
-0.01549575 1.352931 -0.07735607 1

-0.07468867 0.8527914 -0.5168837 0
0.7654777 -0.2831705 -0.5778048 0
-0.6391131 -0.4388183 -0.631643 0
0.00552791 1.396988 -0.1822767 1

0.3326399 0.577251 -0.7457426 0
0.384781 -0.8050336 -0.4515136 0
-0.8609845 -0.1367562 -0.4899016 0
0.176914 1.333588 -0.3116376 1

0.3319284 0.5770967 -0.746179 0
-0.1683567 -0.7420835 -0.6488206 0
-0.9281593 0.3409862 -0.1491604 0
0.2919497 1.092912 -0.4466242 1

0.565302 0.3320568 -0.7550974 0
-0.418345 -0.6735303 -0.6093804 0
-0.7109299 0.6603752 -0.2418338 0
0.2496628 0.9065202 -0.6095908 1

-0.4840689 -0.2100549 0.8494437 0
-0.7109299 0.6603752 -0.2418338 0
-0.5101531 -0.720959 -0.4690012 0
0.136378 0.8371503 -0.6520686 1

-0.5068625 -0.5147505 -0.6914642 0
-0.5588292 -0.4145422 0.7182373 0
-0.656354 0.7504578 -0.07754162 0
0.1412006 0.8589684 -0.7055289 1

-0.2651649 -0.1286222 0.9555858 0
0.7045183 0.6507791 0.2830913 0
-0.6582869 0.7482934 -0.08194712 0
0.1104839 0.8361825 -0.6660501 1

-0.4433914 -0.6879855 -0.574526 0
-0.5472218 -0.2998809 0.7814218 0
-0.709896 0.6608688 -0.2435159 0
0.1732285 0.8288056 -0.6970721 1

-0.241393 0.1028344 0.9649636 0
0.6612424 0.7452269 0.08599734 0
-0.7102733 0.6588337 -0.2478911 0
0.142475 0.812416 -0.652051 1

-0.4592689 -0.8406975 -0.2868797 0
-0.4071712 -0.08779347 0.9091226 0
-0.7894832 0.5343409 -0.3019871 0
0.2012413 0.7994676 -0.6829313 1

-0.2476816 0.17282 0.9533033 0
0.5615783 0.8274136 -0.004092097 0
-0.7894832 0.534341 -0.3019871 0
0.1792275 0.7947209 -0.6337796 1

-0.507569 -0.8594974 -0.06031774 0
-0.38635 0.1644643 0.9075711 0
-0.7701348 0.4839586 -0.4155438 0
0.2244015 0.7758542 -0.6696153 1

-0.08881021 0.5711768 0.8160087 0
0.6291478 0.6672956 -0.3986098 0
-0.7721956 0.4779894 -0.4186172 0
0.2055802 0.7847304 -0.6244583 1

-0.4730839 0.6762086 -0.5647423 0
-0.8000703 -0.5981414 -0.04598197 0
-0.3688892 0.4300802 0.8239853 0
0.1476506 0.9084629 -0.6440008 1

-0.9163262 -0.398314 -0.04113999 0
0.3379556 -0.8243718 0.4540895 0
-0.2147848 0.4021904 0.8900057 0
0.09919222 0.8740212 -0.6477184 1

0.4903556 0.5079457 -0.7081969 0
-0.1683567 -0.7420835 -0.6488206 0
-0.8551068 0.4373824 -0.2783687 0
0.2726496 1.007841 -0.5210037 1

-0.02745539 0.4790668 -0.877349 0
0.3847281 -0.8050076 -0.451605 0
-0.9226216 -0.3499398 -0.1622086 0
0.176914 1.333588 -0.3116376 1

0.06201634 0.5106197 -0.8575673 0
0.384781 -0.8050336 -0.4515136 0
-0.9209222 -0.3019743 -0.246402 0
0.2500224 1.180631 -0.3974252 1

0.3290036 0.3517797 -0.8763605 0
0.6090376 -0.7882696 -0.08777413 0
-0.7216855 -0.5048584 -0.4735906 0
0.2031833 1.364305 -0.3809522 1

0.9373047 -0.07394902 -0.3405752 0
-0.2565627 0.5149768 -0.8179086 0
0.2358717 0.8540086 0.4637177 0
-0.06288238 1.475586 -0.2012293 1

0.997439 0.0352062 -0.06225803 0
-0.04248067 0.9919039 -0.1196751 0
0.05754066 0.1220135 0.9908593 0
-0.09398764 1.538021 -0.3003915 1

0.997439 0.0352062 -0.06225803 0
-0.04248067 0.9919039 -0.1196751 0
0.05754066 0.1220135 0.9908593 0
-0.103171 1.577898 -0.4249686 1

0.9584391 -0.284551 -0.02061859 0
-0.2688503 -0.9250092 0.2684732 0
-0.09546676 -0.251772 -0.9630668 0
-0.049483 1.573073 -0.4045784 1

0.9404535 0.3264328 -0.09481004 0
-0.3396049 0.9143424 -0.2205589 0
0.01469114 0.2396235 0.9707548 0
-0.1538654 1.568693 -0.397633 1

0.9974389 0.03520617 -0.06225806 0
0.04248067 -0.9919039 0.1196751 0
-0.0575408 -0.1220134 -0.9908592 0
-0.06465885 1.591341 -0.3970762 1

0.997439 0.0352062 -0.06225803 0
-0.04248067 0.9919039 -0.1196751 0
0.05754066 0.1220135 0.9908593 0
-0.138769 1.588724 -0.3924503 1

0.9710292 0.1848383 -0.1514508 0
0.2021471 -0.9733686 0.1081207 0
-0.1274327 -0.1356038 -0.982534 0
-0.08652979 1.592886 -0.4343823 1

0.9855267 0.1515811 -0.07589647 0
-0.159456 0.9808853 -0.1115254 0
0.05754066 0.1220135 0.9908593 0
-0.1184404 1.593434 -0.4336615 1

0.9949613 0.03113804 0.09530085 0
0.03973556 -0.995177 -0.08968898 0
0.09204844 0.09302383 -0.9914001 0
-0.03639771 1.612828 -0.4200454 1

0.9864262 0.03737558 -0.1598951 0
-0.03601056 0.9992861 0.01142758 0
0.1602079 -0.005514363 0.9870679 0
-0.1712467 1.609197 -0.4128313 1

0.9862676 0.1469547 -0.07536992 0
0.1549303 -0.9813258 0.114003 0
-0.05720913 -0.1241146 -0.9906174 0
-0.06467488 1.591576 -0.3972 1

0.9958587 -0.07699236 -0.0483501 0
0.06801762 0.9838286 -0.1656958 0
0.06032553 0.1617211 0.9849911 0
-0.1387708 1.58872 -0.3924816 1

0.9950365 0.09579211 -0.02694508 0
-0.09795897 0.9905537 -0.09595582 0
0.01749861 0.09811915 0.9950209 0
-0.09683973 1.549873 -0.3393825 1

0.9278841 0.3722825 0.02090248 0
0.3728623 -0.9267425 -0.04607001 0
0.002220124 0.05054133 -0.9987196 0
-0.07400024 1.508432 -0.440178 1

0.9959694 0.08584666 -0.02598083 0
-0.08514438 0.996002 0.02702678 0
0.02819699 -0.02470556 0.9992971 0
-0.09833644 1.528624 -0.4437582 1

0.9760484 -0.1826297 -0.1182191 0
0.1873704 0.9818246 0.03021695 0
0.110552 -0.05164392 0.9925278 0
-0.1237952 1.50608 -0.4344464 1

0.9975778 -0.06702465 -0.01861545 0
-0.06166509 -0.9759201 0.2092319 0
-0.03219104 -0.2075772 -0.9776891 0
-0.05096715 1.515575 -0.4120888 1

0.9628685 0.2433499 -0.1168986 0
-0.2619773 0.9468123 -0.1868534 0
0.06521013 0.2105401 0.975408 0
-0.1486011 1.509074 -0.4031074 1

0.9878682 0.1548536 0.01170075 0
0.1440617 -0.9419408 0.3033049 0
0.05798921 -0.2979397 -0.9528218 0
-0.07477628 1.541847 -0.4313247 1

0.9934101 0.09156345 -0.06894165 0
-0.1082549 0.9471608 -0.3019394 0
0.03765211 0.307413 0.9508312 0
-0.1006245 1.536395 -0.4323631 1

0.9927144 0.02916628 -0.116908 0
-0.06840737 0.9351545 -0.3475722 0
0.09918973 0.3530372 0.9303365 0
-0.127485 1.53836 -0.4259984 1

0.9974216 0.03561253 -0.06230703 0
0.05006234 -0.9673344 0.2485117 0
-0.05142158 -0.2509903 -0.966623 0
-0.08382972 1.563669 -0.426514 1

0.9974216 0.03561253 -0.06230703 0
-0.05006238 0.9673344 -0.2485117 0
0.05142152 0.2509902 0.9666231 0
-0.10341 1.555297 -0.4415919 1

0.9974216 0.03561253 -0.06230703 0
-0.05006238 0.9673344 -0.2485117 0
0.05142152 0.2509902 0.9666231 0
-0.1215239 1.562183 -0.4241422 1

0.997439 0.0352062 -0.06225803 0
-0.04245685 0.9919544 -0.1192648 0
0.05755827 0.1216027 0.9909086 0
-0.1000743 1.635062 -0.343028 1

0.2987911 -0.8618073 0.4098928 0
0.4238884 -0.2649662 -0.8660898 0
0.8550102 0.4325287 0.2861406 0
-0.06249218 1.441812 -0.1195246 1

-0.2993304 -0.7440861 -0.5972747 0
0.5240225 0.3949201 -0.7546116 0
0.7973719 -0.5388637 0.2717063 0
-0.1573915 1.500995 0.07443238 1

-0.2981897 -0.7447301 -0.5970427 0
0.9259946 -0.3774448 0.008328348 0
-0.2315528 -0.550375 0.8021663 0
-0.3126729 1.383969 0.2980404 1

-0.02143979 -0.211741 -0.9770906 0
0.9141784 -0.3998063 0.06658107 0
-0.4047449 -0.8918076 0.2021408 0
-0.5432322 1.477948 0.2959679 1

-0.1405208 0.2711917 0.9522128 0
-0.364855 -0.9082543 0.2048295 0
0.9203993 -0.3186368 0.2265742 0
-0.6242028 1.551775 0.2258215 1

0.766591 -0.6251272 -0.146814 0
0.2524799 0.083211 0.9640176 0
-0.590417 -0.7760748 0.2216208 0
-0.6396465 1.592733 0.2684381 1

0.5374222 -0.200095 0.8192309 0
-0.6232067 0.5602353 0.5456647 0
-0.5681467 -0.8038027 0.1763822 0
-0.6535247 1.588159 0.2154495 1

0.7907876 -0.5592381 -0.2488128 0
0.3102303 0.01577511 0.9505306 0
-0.5276477 -0.8288571 0.1859672 0
-0.6593282 1.553905 0.2790286 1

0.4628015 -0.1345075 0.8761979 0
-0.7274145 0.5072875 0.4620903 0
-0.5066387 -0.8512151 0.1369307 0
-0.6762136 1.552504 0.2246762 1

0.8704048 -0.4103408 -0.2720588 0
0.3194963 0.05033701 0.9462499 0
-0.3745901 -0.9105421 0.1749156 0
-0.6761861 1.514616 0.2832207 1

0.560098 -0.1033682 0.8219523 0
-0.7474896 0.3646794 0.5552191 0
-0.3571409 -0.9253778 0.1269895 0
-0.6934597 1.511895 0.232062 1

0.9079753 -0.3652056 -0.2054404 0
0.2155253 -0.01342176 0.9764061 0
-0.3593462 -0.9308304 0.06652422 0
-0.6888319 1.481378 0.2857859 1

0.591684 -0.1887664 0.7837585 0
-0.737178 0.2668268 0.6207835 0
-0.3263108 -0.9450771 0.01872277 0
-0.6988105 1.481777 0.2370788 1

-0.9468311 -0.2739362 -0.16873 0
-0.1126016 -0.2091263 0.9713843 0
-0.3013833 0.9387363 0.1671616 0
-0.5643056 1.568066 0.245888 1

-0.06396368 -0.2459959 0.9671583 0
0.9549648 0.2662911 0.130888 0
-0.2897436 0.931974 0.2178845 0
-0.5559586 1.580992 0.1883424 1

-0.1898246 -0.4845433 -0.8539231 0
0.9259946 -0.3774448 0.008328348 0
-0.3263441 -0.7891473 0.5203327 0
-0.4188315 1.427238 0.2970853 1

0.7460474 -0.6401966 0.1831989 0
0.5241514 0.3948976 -0.7545338 0
0.4107052 0.6589419 0.6301724 0
-0.1573915 1.500995 0.07443237 1

0.4184658 -0.8910681 -0.1757397 0
0.5240225 0.3949201 -0.7546116 0
0.7418134 0.2236875 0.6322002 0
-0.2569565 1.425959 0.2178073 1

0.6583296 -0.7205361 -0.217784 0
0.1231932 0.3885598 -0.9131511 0
0.7425804 0.5743248 0.3445656 0
-0.2096333 1.561197 0.09161779 1

0.7506638 0.03875337 -0.6595469 0
0.02400736 0.996019 0.08584762 0
0.6602481 -0.08027668 0.746745 0
-0.1501789 0.8982924 0.06434166 1

1 0 0 0
0 1 0 0
0 0 1 0
0 0 0 1

1 0 0 0
0 1 0 0
0 0 1 0
0 0 0 1

0.7556284 0.04530324 -0.653432 0
-0.1019589 0.9935802 -0.04901908 0
0.6470163 0.1036634 0.7553965 0
0.01470981 0.8634896 -0.006834575 1

0.972882 0.1961006 0.1226596 0
0.2244846 -0.9283117 -0.2963852 0
0.05574501 0.315883 -0.9471592 0
0.1145368 0.8380594 -0.09597051 1

0.972882 0.1961006 0.1226596 0
0.1530649 -0.9434037 0.2942122 0
0.1734127 -0.2674589 -0.9478364 0
0.2133895 0.4292735 -0.226485 1

0.9912599 0.06220565 -0.1163369 0
0.06181044 -0.9980634 -0.007004993 0
-0.1165474 -0.0002470557 -0.9931852 0
0.2622113 0.1283637 -0.1326426 1

0.9909858 0.06663743 -0.1162185 0
0.07122763 -0.9968177 0.03579628 0
-0.1134633 -0.04375155 -0.9925784 0
0.2526821 0.0243414 -0.2694579 1

0.5127922 -0.3069752 -0.8017545 0
0.3010832 0.9388775 -0.1669076 0
0.8039858 -0.1558059 0.5738742 0
-0.08574125 0.8260514 0.07722046 1

0.5127902 -0.3069815 -0.8017535 0
-0.1580583 0.8841637 -0.4396272 0
0.8438388 0.3521603 0.4048695 0
-0.2183243 0.4126135 0.1507188 1

0.4426686 -0.108626 -0.8900814 0
0.05571733 0.9940493 -0.09360413 0
0.8949527 -0.008157298 0.4460869 0
-0.1679099 0.1305987 0.2909435 1

0.4334166 -0.1111065 -0.8943185 0
-0.04331465 0.9886557 -0.1438183 0
0.9001522 0.1010704 0.4236873 0
-0.2963406 0.02814615 0.2395732 1

0.5954019 -0.1424228 -0.7907037 0
-0.05129811 0.9754153 -0.214321 0
0.8017887 0.1681687 0.5734582 0
-0.0003247345 0.9988621 -0.01484122 1

0.6149153 -0.1112518 -0.7807062 0
-0.09246728 0.9729975 -0.2114846 0
0.7831532 0.2022349 0.588024 0
-0.009175181 1.16715 -0.05181793 1

0.6221667 -0.4323652 -0.652663 0
-0.250346 0.6800158 -0.6891339 0
0.7417786 0.5921476 0.3148423 0
-0.01798146 1.351901 -0.08508141 1

-0.07077436 0.852685 -0.5176093 0
0.7711011 -0.2824062 -0.5706576 0
-0.6327673 -0.4395169 -0.6375192 0
0.004241517 1.395676 -0.189873 1

0.336493 0.5856871 -0.7373894 0
0.3819237 -0.8006387 -0.4616407 0
-0.8607594 -0.1262876 -0.4930972 0
0.1768865 1.332447 -0.3176336 1

0.3367492 0.58551 -0.737413 0
-0.1755638 -0.7303766 -0.6600966 0
-0.9250823 0.3517501 -0.1431595 0
0.291068 1.093085 -0.4556477 1

0.5447816 0.3385398 -0.7672051 0
-0.4335436 -0.6694273 -0.6032472 0
-0.7178112 0.661255 -0.2179201 0
0.2469709 0.9096336 -0.6214467 1

-0.4612212 -0.2171517 0.8603024 0
-0.7178112 0.661255 -0.21792 0
-0.5215575 -0.7180441 -0.4608587 0
0.1326813 0.8404391 -0.6614465 1

-0.5243769 -0.5101447 -0.6817488 0
-0.5391927 -0.4207336 0.7295579 0
-0.6590148 0.7501572 -0.05444324 0
0.1360653 0.8626696 -0.7148471 1

-0.2396805 -0.1362395 0.9612451 0
0.7110215 0.6495378 0.2693494 0
-0.661061 0.7480237 -0.05881241 0
0.1064279 0.8395435 -0.6747462 1

-0.4576442 -0.6841804 -0.567855 0
-0.5260484 -0.3065413 0.7932878 0
-0.7168229 0.6617627 -0.2196252 0
0.1683393 0.8324858 -0.70747 1

-0.215929 0.09517024 0.9717599 0
0.6624477 0.7454252 0.0741947 0
-0.7173131 0.6597607 -0.2240042 0
0.1388044 0.8157133 -0.6617789 1

-0.4657452 -0.8390974 -0.2810649 0
-0.3829108 -0.09524643 0.918862 0
-0.7977852 0.5355782 -0.2769391 0
0.1967487 0.8030781 -0.6942986 1

-0.2226019 0.165234 0.9608049 0
0.560346 0.828163 -0.0126006 0
-0.7977852 0.5355783 -0.2769389 0
0.1760467 0.7979285 -0.6446204 1

-0.5080212 -0.8596842 -0.05345652 0
-0.3624207 0.1570432 0.9186887 0
-0.7813872 0.4860872 -0.3913487 0
0.2202791 0.7793946 -0.6817797 1

-0.06786022 0.5648338 0.8224099 0
0.6176479 0.6711407 -0.409977 0
-0.7835218 0.4801386 -0.3944121 0
0.2026474 0.7879022 -0.6360748 1

-0.4885976 0.6798593 -0.5468673 0
-0.8003348 -0.5988321 -0.02940392 0
-0.3474723 0.4233103 0.8367029 0
0.1440833 0.911703 -0.6531346 1

-0.9166459 -0.3992013 -0.01996651 0
0.3507593 -0.827355 0.4386932 0
-0.1916461 0.3951229 0.8984151 0
0.09558193 0.8772265 -0.6558341 1

0.4884296 0.5175456 -0.7025544 0
-0.1755638 -0.7303766 -0.6600966 0
-0.8547596 0.4457538 -0.2658754 0
0.2709416 1.009356 -0.53132 1

-0.03453222 0.4868838 -0.8727839 0
0.38187 -0.800612 -0.4617314 0
-0.9235708 -0.3492346 -0.1582795 0
0.1768866 1.332446 -0.3176336 1

0.05981988 0.5198746 -0.8521456 0
0.3819237 -0.8006387 -0.4616407 0
-0.922256 -0.2978393 -0.2464465 0
0.2494521 1.180325 -0.4053453 1

0.336757 0.3520737 -0.8732919 0
0.6106446 -0.787641 -0.08206742 0
-0.7167342 -0.5056342 -0.4802356 0
0.2029415 1.363335 -0.3856277 1

0.942001 -0.07184826 -0.3278295 0
-0.2475416 0.5108514 -0.8232582 0
0.2266218 0.8566613 0.4634371 0
-0.06424346 1.473913 -0.21001 1

0.9977343 0.03791485 -0.05557704 0
-0.043984 0.9926895 -0.1123963 0
0.05090943 0.1145862 0.9921079 0
-0.09425505 1.535848 -0.3098207 1

0.9977343 0.03791485 -0.05557704 0
-0.043984 0.9926895 -0.1123963 0
0.05090943 0.1145862 0.9921079 0
-0.1027311 1.576653 -0.4341472 1

0.9592006 -0.282237 -0.01662305 0
-0.2684467 -0.9276289 0.2596951 0
-0.08871561 -0.2446374 -0.965548 0
-0.04916395 1.571793 -0.4134497 1

0.9402778 0.3292918 -0.08628216 0
-0.3403162 0.9152161 -0.2157882 0
0.007909626 0.2322641 0.9726207 0
-0.1535778 1.567127 -0.4072097 1

0.9977342 0.03791484 -0.05557713 0
0.043984 -0.9926895 0.1123963 0
-0.05090946 -0.1145862 -0.9921079 0
-0.06442937 1.589969 -0.4059066 1

0.9977343 0.03791485 -0.05557704 0
-0.043984 0.9926895 -0.1123963 0
0.05090943 0.1145862 0.9921079 0
-0.1385614 1.587151 -0.4017769 1

0.971554 0.1881629 -0.1437968 0
0.2036783 -0.9737091 0.1020094 0
-0.120822 -0.1283961 -0.9843357 0
-0.08606419 1.591749 -0.4433395 1

0.9856432 0.1543634 -0.06840619 0
-0.1609835 0.9813471 -0.1050824 0
0.05090943 0.1145862 0.9921079 0
-0.1179799 1.592221 -0.4428196 1

0.9942563 0.03264043 0.101927 0
0.04258821 -0.994373 -0.09699987 0
0.09818718 0.1007836 -0.9900517 0
-0.03607082 1.611694 -0.4285294 1

0.9873425 0.04080369 -0.1532636 0
-0.03837109 0.9990869 0.01879758 0
0.1538906 -0.01267875 0.9880067 0
-0.1709547 1.607706 -0.4222099 1

0.9863911 0.1497347 -0.06790996 0
0.1564432 -0.9818164 0.1075275 0
-0.0505746 -0.1166883 -0.9918802 0
-0.06444517 1.590205 -0.4060286 1

0.9963217 -0.0743898 -0.04253373 0
0.06682516 0.985213 -0.1577661 0
0.05364096 0.1543435 0.9865601 0
-0.138563 1.587147 -0.4018083 1

0.994967 0.09822433 -0.01982042 0
-0.09960985 0.9910343 -0.08904521 0
0.01089647 0.0905715 0.9958304 0
-0.09688427 1.54799 -0.3487379 1

0.9268776 0.3741875 0.02969542 0
0.3752674 -0.925528 -0.05071977 0
0.008505136 0.05815466 -0.9982715 0
-0.07330695 1.507371 -0.4496993 1

0.9959165 0.0882736 -0.01892588 0
-0.08759606 0.9955738 0.03405505 0
0.02184829 -0.03225806 0.9992409 0
-0.09766337 1.527535 -0.4532796 1

0.9772025 -0.179532 -0.113329 0
0.1849203 0.981984 0.03888683 0
0.104306 -0.05895723 0.9927964 0
-0.1231272 1.504864 -0.4443059 1

0.9978273 -0.06464498 -0.01271737 0
-0.06076896 -0.9776211 0.2014073 0
-0.02545267 -0.2001969 -0.9794252 0
-0.05047226 1.514351 -0.4214096 1

0.9630386 0.2463908 -0.10885 0
-0.2629412 0.9476186 -0.1813314 0
0.05847007 0.2032503 0.9773795 0
-0.148139 1.507562 -0.4131061 1

0.9874148 0.156979 0.01922518 0
0.1442773 -0.9438995 0.2970494 0
0.06477705 -0.2905373 -0.9546689 0
-0.07421555 1.540715 -0.4405965 1

0.9936191 0.0943122 -0.06185746 0
-0.1084861 0.9491897 -0.2954146 0
0.03085354 0.3002403 0.9533646 0
-0.1000422 1.535213 -0.4418407 1

0.9933743 0.0322752 -0.1102992 0
-0.06831345 0.9376214 -0.3408808 0
0.09241709 0.3461571 0.9336137 0
-0.1269458 1.537069 -0.4356359 1

0.9977162 0.03832153 -0.05562305 0
0.05068343 -0.9690858 0.2414622 0
-0.0446505 -0.24373 -0.9688148 0
-0.08334793 1.562481 -0.4356767 1

0.9977162 0.03832153 -0.05562305 0
-0.05068345 0.9690858 -0.2414621 0
0.04465055 0.2437298 0.9688148 0
-0.1028118 1.554179 -0.4509435 1

0.9977162 0.03832153 -0.05562305 0
-0.05068345 0.9690858 -0.2414621 0
0.04465055 0.2437298 0.9688148 0
-0.1210527 1.560893 -0.4335585 1

0.9977343 0.03791485 -0.05557704 0
-0.04396291 0.9927369 -0.1119854 0
0.05092752 0.114175 0.9921545 0
-0.1002905 1.633198 -0.3517559 1

0.2944753 -0.8624836 0.4115901 0
0.4364426 -0.2617771 -0.8608081 0
0.8501778 0.4331222 0.2993377 0
-0.06479108 1.440431 -0.1281863 1

-0.2935757 -0.7449087 -0.599103 0
0.537835 0.3894048 -0.7477283 0
0.7902829 -0.5417334 0.2863182 0
-0.1625013 1.4989 0.06458873 1

-0.292442 -0.7455574 -0.5988505 0
0.9259715 -0.3771921 0.01740909 0
-0.2388611 -0.5494274 0.8006717 0
-0.3218756 1.383509 0.2861571 1

-0.01505911 -0.2187943 -0.9756548 0
0.9092607 -0.4089168 0.07766676 0
-0.4159546 -0.885955 0.2050992 0
-0.5524291 1.477424 0.2818235 1

-0.1460354 0.2797623 0.9488978 0
-0.3762668 -0.9028009 0.2082641 0
0.9149303 -0.3266248 0.2371062 0
-0.6319894 1.551576 0.2104163 1

0.7611803 -0.6342561 -0.1353668 0
0.2448289 0.08774075 0.9655882 0
-0.600553 -0.7681281 0.2220706 0
-0.6473731 1.593011 0.2525904 1

0.5280157 -0.1996279 0.8254383 0
-0.6220194 0.5708361 0.5359464 0
-0.5781797 -0.7964264 0.1772378 0
-0.6608307 1.588188 0.1995155 1

0.7869743 -0.5693894 -0.2376291 0
0.301977 0.01960073 0.9531137 0
-0.5380352 -0.8218344 0.1873677 0
-0.6675584 1.554473 0.2632914 1

0.4535952 -0.1328335 0.8812531 0
-0.7260412 0.5183676 0.4518399 0
-0.5168325 -0.8447784 0.1386864 0
-0.6839772 1.552845 0.2088024 1

0.8683692 -0.4215178 -0.2612625 0
0.3116466 0.05403007 0.948661 0
-0.3857612 -0.9052092 0.1782826 0
-0.6848688 1.515396 0.2676229 1

0.5516917 -0.1031281 0.827648 0
-0.74845 0.3766786 0.5458353 0
-0.368048 -0.9205857 0.1306243 0
-0.7017179 1.512475 0.2163335 1

0.905827 -0.3762849 -0.1946468 0
0.2067427 -0.008401722 0.9783593 0
-0.3697772 -0.926466 0.07018372 0
-0.6978886 1.482313 0.2703201 1

0.5827057 -0.1891376 0.7903679 0
-0.7397565 0.279215 0.6122088 0
-0.3364742 -0.9414171 0.02278472 0
-0.7074321 1.482454 0.2215244 1

-0.9481586 -0.265188 -0.1751316 0
-0.1233853 -0.2006668 0.9718585 0
-0.2928684 0.9430847 0.1575436 0
-0.5721022 1.567383 0.2308948 1

-0.07510605 -0.2380779 0.968338 0
0.9565444 0.2571752 0.1374207 0
-0.2817494 0.9365792 0.2084164 0
-0.5631107 1.57979 0.1733321 1

-0.1826334 -0.4877481 -0.8536668 0
0.9259715 -0.3771921 0.01740909 0
-0.3304875 -0.7872916 0.5205287 0
-0.4280317 1.426749 0.284161 1

0.7399202 -0.6430506 0.1974954 0
0.5379626 0.3893818 -0.7476484 0
0.4038746 0.6594451 0.6340486 0
-0.1625013 1.4989 0.06458873 1

0.4168723 -0.8937531 -0.1655992 0
0.537835 0.3894048 -0.7477283 0
0.7327697 0.2226421 0.6430237 0
-0.2646907 1.424912 0.2066558 1

0.6625413 -0.7188163 -0.2105761 0
0.1353283 0.3913821 -0.9102234 0
0.736699 0.5745635 0.356583 0
-0.2146471 1.558676 0.08077921 1

0.7556284 0.04530324 -0.653432 0
0.01267344 0.9964072 0.08373767 0
0.654878 -0.07155579 0.7523395 0
-0.1499882 0.8963053 0.05750597 1

1 0 0 0
0 1 0 0
0 0 1 0
0 0 0 1

1 0 0 0
0 1 0 0
0 0 1 0
0 0 0 1

0.7604152 0.05081734 -0.6474461 0
-0.1125502 0.9921604 -0.05431483 0
0.6396102 0.114172 0.7601733 0
0.0171649 0.8637081 -0.01206456 1

0.9741006 0.1921721 0.1191557 0
0.2192666 -0.9315128 -0.2901826 0
0.05523008 0.3087938 -0.9495242 0
0.1179952 0.8389963 -0.1002684 1

0.9741006 0.1921721 0.1191557 0
0.1488515 -0.941667 0.3018388 0
0.17021 -0.2762848 -0.9458835 0
0.2145502 0.4288006 -0.2280515 1

0.9912117 0.06209854 -0.116805 0
0.06160482 -0.9980699 -0.007836591 0
-0.1170661 0.0005718954 -0.9931241 0
0.2620281 0.1284449 -0.1317765 1

0.9908115 0.06912362 -0.1162524 0
0.0736983 -0.996648 0.03551902 0
-0.1134074 -0.04376023 -0.9925846 0
0.2524064 0.02453411 -0.2686701 1

0.5047249 -0.314814 -0.8038315 0
0.3046246 0.9361874 -0.1753767 0
0.8077479 -0.1563498 0.5684171 0
-0.08355156 0.8255268 0.07133608 1

0.5047228 -0.3148203 -0.8038303 0
-0.1566412 0.8822793 -0.4438996 0
0.8489515 0.3499592 0.3959926 0
-0.2176941 0.4132733 0.1485639 1

0.441859 -0.1180182 -0.8892876 0
0.05154526 0.9930109 -0.1061722 0
0.8956025 0.001074597 0.4448541 0
-0.1677317 0.1318597 0.2901513 1

0.4325141 -0.1183037 -0.8938322 0
-0.04636271 0.9871247 -0.1530859 0
0.9004346 0.1076523 0.4214605 0
-0.2958167 0.02825046 0.2402594 1

0.6037239 -0.1410278 -0.7846201 0
-0.05933193 0.9735493 -0.2206388 0
0.7949826 0.1797579 0.5793875 0
0.0006983113 0.9988687 -0.02080199 1

0.6240596 -0.1103339 -0.7735479 0
-0.09702818 0.9713758 -0.2168282 0
0.7753292 0.2103697 0.5954909 0
-0.0095382 1.166834 -0.05886872 1

0.6324652 -0.4313179 -0.6433917 0
-0.2445104 0.676984 -0.6941955 0
0.7349848 0.5963704 0.3227071 0
-0.01928549 1.35137 -0.0930533 1

-0.06795754 0.8528805 -0.5176647 0
0.7765163 -0.2805656 -0.5641859 0
-0.626422 -0.4403157 -0.6432089 0
0.00408804 1.394958 -0.197672 1

0.3409414 0.5944728 -0.7282591 0
0.3789393 -0.7958562 -0.4722479 0
-0.860328 -0.1149571 -0.4966092 0
0.1779454 1.332141 -0.3239838 1

0.3425579 0.594248 -0.7276838 0
-0.1799199 -0.718716 -0.6716222 0
-0.9221081 0.3609943 -0.1392846 0
0.2912346 1.09421 -0.465169 1

0.5333239 0.3530164 -0.7687295 0
-0.4407091 -0.6597296 -0.6087136 0
-0.7220396 0.6634275 -0.1962719 0
0.2460435 0.9136871 -0.633863 1

-0.4486932 -0.2330926 0.862753 0
-0.7220396 0.6634275 -0.1962719 0
-0.5266244 -0.7110077 -0.4659774 0
0.1313337 0.8449578 -0.6734606 1

-0.5329342 -0.4992962 -0.6831432 0
-0.5281093 -0.4345298 0.7295784 0
-0.6611217 0.7495917 -0.032107 0
0.1339261 0.8681229 -0.7265072 1

-0.2259101 -0.1534819 0.9619814 0
0.7135105 0.6462521 0.2706676 0
-0.6632251 0.7475304 -0.03648376 0
0.104898 0.8442385 -0.6864051 1

-0.4642829 -0.6751485 -0.5732505 0
-0.5142866 -0.3214378 0.7951021 0
-0.7210761 0.6639673 -0.1979815 0
0.1663572 0.8378837 -0.7201108 1

-0.2024479 0.07775938 0.9762011 0
0.6620225 0.7454232 0.07791564 0
-0.721624 0.6620407 -0.2023874 0
0.137498 0.8202547 -0.6743102 1

-0.468067 -0.8350577 -0.2891234 0
-0.3697979 -0.1120604 0.9223297 0
-0.8025978 0.5386292 -0.2563505 0
0.1950039 0.8083112 -0.7078537 1

-0.2094055 0.1479891 0.9665654 0
0.5585576 0.8294443 -0.005983889 0
-0.8025978 0.5386292 -0.2563505 0
0.1750107 0.8022527 -0.6579878 1

-0.507106 -0.8596984 -0.06133953 0
-0.3497859 0.1402369 0.9262741 0
-0.7877142 0.4911748 -0.3718251 0
0.218752 0.7844632 -0.6960808 1

-0.05737212 0.5502679 0.8330151 0
0.6105717 0.6794943 -0.4068044 0
-0.7898803 0.485276 -0.3749619 0
0.2017477 0.7921354 -0.649992 1

-0.4975007 0.6882492 -0.528021 0
-0.7995423 -0.5999261 -0.02864641 0
-0.3364896 0.4079235 0.8487481 0
0.1427173 0.9160901 -0.6640663 1

-0.9160845 -0.4007375 -0.01409796 0
0.3584349 -0.8341294 0.4192285 0
-0.1797603 0.3789956 0.9077713 0
0.09424786 0.8815631 -0.6666879 1

0.4879141 0.5276526 -0.6953581 0
-0.1799199 -0.718716 -0.6716222 0
-0.8541479 0.4528027 -0.2557364 0
0.2706089 1.011818 -0.5421625 1

-0.04318079 0.4946322 -0.8680291 0
0.3788849 -0.7958288 -0.472338 0
-0.924436 -0.349279 -0.1530441 0
0.1779454 1.332141 -0.3239837 1

0.05703253 0.5294196 -0.846441 0
0.3789393 -0.7958562 -0.4722479 0
-0.9236625 -0.2938162 -0.2460075 0
0.2499439 1.180929 -0.4137108 1

0.3435739 0.3532774 -0.870145 0
0.6128356 -0.7864199 -0.0773091 0
-0.7116107 -0.5066944 -0.4866942 0
0.2037147 1.363265 -0.3906956 1

0.9464642 -0.06913618 -0.3153188 0
-0.2387916 0.5073429 -0.8279988 0
0.2172193 0.8589665 0.4636726 0
-0.06448379 1.472828 -0.2189072 1

0.997937 0.04149643 -0.04899037 0
-0.04635189 0.9936484 -0.102539 0
0.04442415 0.1045983 0.993522 0
-0.09343456 1.534338 -0.3192927 1

0.997937 0.04149643 -0.04899037 0
-0.04635189 0.9936484 -0.102539 0
0.04442415 0.1045983 0.993522 0
-0.1012681 1.576385 -0.4432469 1

0.9601516 -0.2791516 -0.01354292 0
-0.2671822 -0.9310406 0.2485506 0
-0.08199221 -0.2350279 -0.9685246 0
-0.0478151 1.571476 -0.4222678 1

0.9397513 0.333055 -0.07708415 0
-0.341857 0.9163135 -0.2085748 0
0.001166195 0.2223603 0.9749639 0
-0.1522496 1.566433 -0.4167252 1

0.9979368 0.04149641 -0.0489904 0
0.04635189 -0.9936484 0.102539 0
-0.04442424 -0.1045983 -0.9935219 0
-0.06318289 1.589528 -0.4146346 1

0.997937 0.04149643 -0.04899037 0
-0.04635189 0.9936484 -0.102539 0
0.04442415 0.1045983 0.993522 0
-0.13733 1.586444 -0.4109944 1

0.9718388 0.192558 -0.1358345 0
0.2060481 -0.9740803 0.09333818 0
-0.1143406 -0.1186982 -0.9863251 0
-0.0845914 1.591625 -0.4521811 1

0.9855661 0.1580328 -0.06070623 0
-0.1633589 0.9818782 -0.09606801 0
0.04442415 0.1045983 0.993522 0
-0.116511 1.591994 -0.4518546 1

0.9935021 0.03460274 0.1084272 0
0.04625532 -0.9931967 -0.1068681 0
0.1039916 0.1111889 -0.9883438 0
-0.03475233 1.611568 -0.4368582 1

0.9881403 0.04535166 -0.146705 0
-0.04156961 0.998722 0.02874551 0
0.1478211 -0.02230609 0.9887627 0
-0.1696596 1.607108 -0.4314175 1

0.9863254 0.1534016 -0.06025267 0
0.158805 -0.9823864 0.09847976 0
-0.04408437 -0.1067017 -0.9933136 0
-0.06319864 1.589765 -0.4147543 1

0.9967904 -0.07093936 -0.03710189 0
0.06475808 0.9869707 -0.1472937 0
0.04706743 0.1444183 0.9883968 0
-0.1373314 1.586441 -0.4110258 1

0.9947625 0.1014289 -0.01263857 0
-0.1021157 0.9915866 -0.07955235 0
0.004463196 0.08042634 0.9967507 0
-0.0958607 1.546869 -0.3580996 1

0.9255195 0.3766593 0.03926298 0
0.3784228 -0.9238256 -0.05782021 0
0.01449367 0.06837176 -0.9975549 0
-0.07153842 1.507354 -0.4593252 1

0.9957374 0.09147198 -0.01183948 0
-0.09087639 0.9949046 0.04365999 0
0.01577279 -0.042398 0.9989766 0
-0.09593073 1.527481 -0.4628473 1

0.9784348 -0.1754047 -0.1090813 0
0.1816392 0.9820912 0.05004267 0
0.09834993 -0.06877689 0.9927724 0
-0.1213758 1.504643 -0.4542673 1

0.9980816 -0.06149487 -0.007184327 0
-0.05899358 -0.979805 0.1910564 0
-0.01878816 -0.1902661 -0.981553 0
-0.04890278 1.514113 -0.4308253 1

0.9629284 0.2503997 -0.1003439 0
-0.2647381 0.9486208 -0.1732984 0
0.05179444 0.1934387 0.9797443 0
-0.1465863 1.506946 -0.4231987 1

0.9867868 0.1597672 0.02695426 0
0.1453603 -0.9464428 0.2882989 0
0.0715715 -0.2805715 -0.9571611 0
-0.07260503 1.5406 -0.4498875 1

0.9936867 0.09794229 -0.05472094 0
-0.1095873 0.9518257 -0.2863885 0
0.02403507 0.2905771 0.9565498 0
-0.09840381 1.535034 -0.4513456 1

0.9939331 0.03639411 -0.1037911 0
-0.06908999 0.9408445 -0.3317203 0
0.08557841 0.3368787 0.9376509 0
-0.1253484 1.536746 -0.4452922 1

0.997918 0.04190346 -0.04903248 0
0.0521809 -0.9713445 0.2318781 0
-0.03791079 -0.2339539 -0.9715084 0
-0.08183247 1.56229 -0.4448006 1

0.997918 0.04190346 -0.04903248 0
-0.05218091 0.9713445 -0.231878 0
0.03791088 0.2339537 0.9715085 0
-0.1011757 1.554085 -0.460272 1

0.997918 0.04190346 -0.04903248 0
-0.05218091 0.9713445 -0.231878 0
0.03791088 0.2339537 0.9715085 0
-0.1195442 1.560567 -0.442933 1

0.997937 0.04149643 -0.04899037 0
-0.0463335 0.9936918 -0.1021275 0
0.04444343 0.1041869 0.9935644 0
-0.09951119 1.632092 -0.3602697 1

0.2902649 -0.8641578 0.4110691 0
0.4487178 -0.2565016 -0.8560722 0
0.8452212 0.4329416 0.3133094 0
-0.06593452 1.439568 -0.1370042 1

-0.2879196 -0.7442912 -0.6026052 0
0.5539612 0.3838463 -0.7387756 0
0.7811719 -0.5465276 0.3017915 0
-0.1663931 1.496856 0.05471096 1

-0.2867952 -0.7449473 -0.6023307 0
0.9255309 -0.377744 0.02649969 0
-0.2472677 -0.5498756 0.7978067 0
-0.330546 1.383112 0.2736264 1

-0.008936524 -0.2253435 -0.9742386 0
0.9025025 -0.4213511 0.0891808 0
-0.4305925 -0.8784552 0.2071384 0
-0.5609898 1.477165 0.2670295 1

-0.1510024 0.2884254 0.9455208 0
-0.3911831 -0.8958458 0.2107991 0
0.9078405 -0.3380405 0.2481019 0
-0.6387927 1.55195 0.1943574 1

0.7532244 -0.6460233 -0.1237216 0
0.2368813 0.09094451 0.9672728 0
-0.6136289 -0.7578807 0.2215327 0
-0.6539783 1.593894 0.2360981 1

0.5172217 -0.2014206 0.8318121 0
-0.6188029 0.5834065 0.5260422 0
