MeshAnim
1
35
79
30
0.7710124 -0.009885509 -0.6367435 0
-0.01891703 0.9990827 -0.03841689 0
0.6365392 0.04166519 0.7701181 0
0.01237277 0.8590301 0.05810552 1

0.944158 0.1630223 0.2863381 0
0.2700568 -0.8807526 -0.3890295 0
0.1887725 0.4446329 -0.875595 0
0.1117142 0.8264486 -0.02922745 1

0.944158 0.1630223 0.2863381 0
0.1033139 -0.9716741 0.2125457 0
0.3128769 -0.1710939 -0.9342563 0
0.2306349 0.4386055 -0.2005382 1

0.9913282 0.06231824 -0.1156933 0
0.06203496 -0.9980556 -0.006050691 0
-0.1158455 -0.001178762 -0.9932666 0
0.2635881 0.1286786 -0.1327443 1

0.9911687 0.06228923 -0.1170671 0
0.06660174 -0.9972242 0.03329108 0
-0.1146685 -0.0407939 -0.9925658 0
0.2541784 0.02452946 -0.2694714 1

0.5753589 -0.232517 -0.7841543 0
0.3207001 0.9461003 -0.04522921 0
0.7524052 -0.2254554 0.6189156 0
-0.09264131 0.8290683 0.1395403 1

0.5753562 -0.2325249 -0.7841539 0
-0.207019 0.8861173 -0.4146558 0
0.7912701 0.4009095 0.4616961 0
-0.2338627 0.4124498 0.1594571 1

0.4442987 -0.1024955 -0.8899963 0
0.05992597 0.994609 -0.08462721 0
0.8938724 -0.0157342 0.4480456 0
-0.1678318 0.1298118 0.2917169 1

0.4352799 -0.1027019 -0.8944181 0
-0.0378872 0.9905024 -0.1321731 0
0.8994976 0.09141923 0.4272548 0
-0.2965529 0.02833939 0.2391429 1

0.7802632 -0.01236937 -0.625329 0
-0.00303019 0.999718 -0.02355596 0
0.625444 0.0202747 0.7800056 0
0.01174564 0.9954383 0.0552284 1

0.8054756 -0.036188 -0.5915231 0
-0.04353745 0.9918234 -0.1199623 0
0.5910276 0.1223801 0.797314 0
0.01122285 1.167919 0.05116431 1

0.7112916 -0.09696779 -0.6961764 0
-0.3202493 0.8369589 -0.4437794 0
0.6257032 0.5386067 0.564268 0
0.009500915 1.355331 0.03735411 1

-0.3286263 0.7606661 -0.5598142 0
0.4479006 -0.3963217 -0.801445 0
-0.8314984 -0.5141171 -0.210461 0
0.02953235 1.434962 -0.04418699 1

-0.506254 0.1695539 -0.8455518 0
-0.2356743 -0.9703597 -0.0534765 0
-0.8295566 0.1722023 0.5312082 0
0.129817 1.346226 -0.22363 1

-0.5237155 0.125489 -0.8425997 0
-0.8031306 -0.4025651 0.4392294 0
-0.2840829 0.9067491 0.3116136 0
0.05935854 1.056123 -0.2396181 1

0.4086509 -0.8425289 0.3509275 0
-0.8758375 -0.4701611 -0.1088901 0
0.2567354 -0.2628576 -0.93005 0
-0.1423671 0.9550096 -0.1292951 1

-0.250355 0.9113718 -0.3266875 0
0.2567354 -0.2628576 -0.93005 0
-0.9334933 -0.3167147 -0.1681737 0
-0.1737863 0.930249 -0.179355 1

-0.8554587 -0.504449 0.1171383 0
-0.5021804 0.7527838 -0.4255959 0
0.1265116 -0.4229044 -0.8973 0
-0.2455765 0.8769454 -0.2098131 1

-0.9613409 0.1732255 -0.2140481 0
0.2465079 0.8878003 -0.3886448 0
0.1227088 -0.4263848 -0.8961804 0
-0.2731793 0.918323 -0.2332064 1

-0.7746625 -0.6231447 0.1076509 0
-0.5921016 0.6549612 -0.4695125 0
0.222067 -0.4274541 -0.8763387 0
-0.2579091 0.8864391 -0.1678026 1

-0.9267288 0.1870293 -0.3258743 0
0.3042669 0.8824163 -0.3588358 0
0.2204441 -0.4316965 -0.8746675 0
-0.290867 0.9243011 -0.1946646 1

-0.7875735 -0.5984886 0.1467639 0
-0.5765619 0.6316205 -0.5182977 0
0.2174962 -0.492816 -0.8425131 0
-0.2702427 0.9017985 -0.1296271 1

-0.9227197 0.1776317 -0.3421048 0
0.3182514 0.8518099 -0.4160966 0
0.2174962 -0.492816 -0.8425131 0
-0.3014146 0.935947 -0.157649 1

-0.8572104 -0.5146597 -0.01776531 0
-0.3678441 0.6360901 -0.6782922 0
0.3603901 -0.5749044 -0.7345777 0
-0.2795998 0.9160118 -0.09829453 1

-0.9271144 -0.1210217 -0.3547011 0
0.1170794 0.8055359 -0.5808653 0
0.3560219 -0.5800569 -0.7326548 0
-0.297192 0.9480313 -0.1320204 1

0.6837187 -0.4311123 -0.5887879 0
-0.6250073 -0.7624315 -0.1675237 0
-0.3766887 0.4825361 -0.7907369 0
-0.188563 0.9302653 -0.2233585 1

-0.02737081 -0.8347878 -0.5498917 0
-0.9892144 0.1018052 -0.1053114 0
0.1438943 0.5410782 -0.8285705 0
-0.2245914 0.8841207 -0.2343547 1

0.09555538 -0.8146936 -0.5719646 0
-0.8031306 -0.4025651 0.4392294 0
-0.5880902 0.4173917 -0.6927725 0
-0.03271087 1.009974 -0.1892657 1

-0.4030026 0.1557829 -0.9018428 0
-0.2406411 -0.9687697 -0.05980953 0
-0.8829952 0.1929171 0.4279045 0
0.129817 1.346226 -0.22363 1

-0.5558361 0.1797267 -0.8116305 0
-0.2356743 -0.9703597 -0.0534765 0
-0.7971847 0.1615564 0.581718 0
0.0850389 1.161858 -0.2337906 1

-0.1014627 0.1959303 -0.9753546 0
0.5423932 -0.8109881 -0.2193354 0
-0.8339753 -0.5512802 -0.02398619 0
0.1241613 1.36165 -0.3130267 1

0.895277 0.2670603 -0.3565923 0
-0.4426059 0.6244188 -0.6435848 0
0.050787 0.7340165 0.6772301 0
-0.04922586 1.505767 -0.04360141 1

0.9952263 0.08942599 0.03908306 0
-0.07126928 0.9395415 -0.3349369 0
-0.06667227 0.3305526 0.9414296 0
-0.1028867 1.581471 -0.1216285 1

0.9952263 0.08942599 0.03908306 0
-0.07126928 0.9395415 -0.3349369 0
-0.06667227 0.3305526 0.9414296 0
-0.09885531 1.593638 -0.2521262 1

0.9655699 -0.2164093 0.1443669 0
-0.25824 -0.8643801 0.4314623 0
0.03141543 -0.4538884 -0.8905049 0
-0.04782905 1.596871 -0.2255309 1

0.9451053 0.3234226 -0.04662681 0
-0.3108511 0.8458843 -0.4334184 0
-0.1007363 0.4241199 0.8999858 0
-0.1527383 1.585675 -0.2280574 1

0.9952263 0.08942599 0.03908306 0
0.07126928 -0.9395415 0.3349369 0
0.06667224 -0.3305526 -0.9414296 0
-0.06457791 1.615225 -0.2238254 1

0.9952263 0.08942599 0.03908306 0
-0.07126928 0.9395415 -0.3349369 0
-0.06667227 0.3305526 0.9414296 0
-0.1385236 1.60858 -0.2267289 1

0.973137 0.2148875 -0.08263019 0
0.2302065 -0.9129769 0.3368655 0
-0.003051311 -0.3468383 -0.93792 0
-0.08188079 1.607422 -0.2627122 1

0.9799446 0.1992686 -0.0005668104 0
-0.1877847 0.9225112 -0.337209 0
-0.06667227 0.3305526 0.9414296 0
-0.113642 1.605928 -0.2655576 1

0.9741197 0.118301 0.1926025 0
0.09370762 -0.9867883 0.1321666 0
0.2056933 -0.1106977 -0.9723357 0
-0.03474279 1.633302 -0.2477224 1

0.9958754 0.07033254 -0.05732241 0
-0.08084102 0.9746532 -0.2086048 0
0.04119754 0.2123783 0.9763188 0
-0.1691984 1.622061 -0.2544174 1

0.9808193 0.1949169 0.001023084 0
0.1830191 -0.9227308 0.3392226 0
0.06706405 -0.3325289 -0.9407056 0
-0.06458937 1.615428 -0.223998 1

0.99691 -0.01720811 0.07664329 0
0.04418333 0.9295697 -0.3659893 0
-0.06494746 0.3682447 0.9274576 0
-0.1385215 1.60857 -0.2267587 1

0.9859723 0.1557471 0.06001323 0
-0.129088 0.9394845 -0.317341 0
-0.1058066 0.3051424 0.9464106 0
-0.1015753 1.584667 -0.1623343 1

0.9203685 0.3867916 0.05756852 0
0.3696477 -0.9085494 0.1946764 0
0.1276029 -0.1578939 -0.9791768 0
-0.06327131 1.529571 -0.2473385 1

0.9856926 0.1577654 0.05933124 0
-0.1432357 0.9695733 -0.1985228 0
-0.08884609 0.1871841 0.9782987 0
-0.08970201 1.5413 -0.2591159 1

0.9954086 -0.09550891 -0.006300509 0
0.093112 0.9814747 -0.1674449 0
0.02217615 0.1660894 0.9858613 0
-0.1171831 1.523154 -0.2479486 1

0.9942173 -0.0004303688 0.1073857 0
-0.0436756 -0.9151686 0.4006985 0
0.09810361 -0.4030715 -0.9098954 0
-0.04205218 1.540581 -0.2172106 1

0.9575744 0.2838376 -0.04987562 0
-0.2789664 0.8695248 -0.4075593 0
-0.07231259 0.4041819 0.9118158 0
-0.1504117 1.52647 -0.2180632 1

0.9843762 0.1311872 0.1174448 0
0.05337632 -0.8579469 0.5109581 0
0.1677924 -0.4967063 -0.851545 0
-0.06789457 1.552587 -0.2431492 1

0.9926585 0.1173973 0.02910331 0
-0.08640485 0.8566765 -0.5085665 0
-0.08463645 0.5023181 0.8605306 0
-0.0936335 1.551846 -0.2500886 1

0.9897945 0.1270794 -0.06448013 0
-0.1415494 0.8245347 -0.5478197 0
-0.01645055 0.5513561 0.8341079 0
-0.1213905 1.548509 -0.2442456 1

0.9951971 0.08981086 0.03894573 0
0.06231813 -0.8880637 0.4554771 0
0.07549322 -0.4508625 -0.8893951 0
-0.07852715 1.578038 -0.2474769 1

0.9951971 0.08981086 0.03894573 0
-0.06231815 0.8880637 -0.4554771 0
-0.07549319 0.4508624 0.8893952 0
-0.09599563 1.566387 -0.2625878 1

0.9951971 0.08981086 0.03894573 0
-0.06231815 0.8880637 -0.4554771 0
-0.07549319 0.4508624 0.8893952 0
-0.1164308 1.57443 -0.2488947 1

0.9952263 0.08942599 0.03908306 0
-0.07129691 0.9396784 -0.334547 0
-0.06664282 0.3301634 0.9415681 0
-0.1080784 1.666777 -0.1846189 1

0.3974608 -0.8259657 0.3997575 0
0.401527 -0.2351779 -0.885137 0
0.8251067 0.5123207 0.2381734 0
-0.06944733 1.45575 0.01275903 1

0.8322864 -0.4563506 0.3147119 0
0.5542594 0.6950847 -0.4578799 0
-0.009797752 0.5555193 0.8314461 0
-0.1593516 1.508412 0.2109343 1

0.8708368 -0.3956755 0.2916923 0
-0.01475927 0.5720731 0.82007 0
-0.4913508 -0.7184524 0.4923424 0
-0.3250558 1.300603 0.3478263 1

0.9996768 -0.01546261 0.02018094 0
-0.001497984 0.7565859 0.653893 0
-0.02537963 -0.6537117 0.756318 0
-0.3213497 1.156913 0.1418464 1

-0.9842294 -0.116152 -0.1334216 0
-0.02537963 -0.6537117 0.756318 0
-0.1750673 0.7477766 0.6404544 0
-0.2695162 1.090002 0.03586749 1

0.9776261 0.1386112 0.1582224 0
-0.2098824 0.6929388 0.689772 0
-0.0140284 -0.7075471 0.7065269 0
-0.3147371 1.099094 0.000982739 1

0.5241898 0.6000533 0.6042857 0
-0.8505375 0.3334346 0.4067026 0
0.04255345 -0.7271572 0.6851509 0
-0.3032003 1.061005 -0.03693129 1

0.1621011 0.7913729 0.5894508 0
-0.9851043 0.09504334 0.143306 0
0.05738512 -0.6039004 0.7949915 0
-0.317574 1.068543 0.03362807 1

-0.9688683 0.1566068 0.1917524 0
-0.240044 -0.783824 -0.5727119 0
0.06060946 -0.6009114 0.7970145 0
-0.2613443 1.06391 0.02600334 1

0.002209634 0.7655115 0.6434186 0
-0.9942858 -0.06699032 0.08311689 0
0.1067298 -0.6399257 0.760989 0
-0.3140755 1.040988 0.06639931 1

-0.9532317 0.159563 0.2566896 0
-0.2705228 -0.8291729 -0.4891728 0
0.1347861 -0.5357355 0.8335592 0
-0.2603194 1.04461 0.06190509 1

0.04303357 0.7667319 0.6405237 0
-0.9698277 -0.1219285 0.211111 0
0.2399636 -0.6302825 0.7383506 0
-0.3101724 1.019288 0.09441962 1

-0.9483284 0.06309118 0.3109548 0
-0.1797571 -0.9144124 -0.3626813 0
0.2614588 -0.3998371 0.8785042 0
-0.26193 1.02598 0.08441726 1

0.1997378 -0.9798468 0.002337664 0
-0.9288191 -0.1885751 0.3189589 0
-0.3120898 -0.0658794 -0.9477655 0
-0.2947312 1.16344 0.04478633 1

-0.9416529 -0.3231493 -0.09415275 0
-0.3292644 0.8263679 0.4568388 0
-0.06982231 0.4611848 -0.8845526 0
-0.2457577 1.174314 0.0251921 1

0.965929 -0.2037834 0.1595417 0
-0.01475927 0.5720731 0.82007 0
-0.2583862 -0.7944843 0.5495743 0
-0.3233626 1.235018 0.2538129 1

0.7741456 -0.6280747 -0.07887211 0
0.5294275 0.7107265 -0.4632221 0
0.3469945 0.3168443 0.8827257 0
-0.1593518 1.508412 0.2109344 1

0.8313468 -0.4892247 0.2636699 0
0.5542594 0.6950847 -0.4578799 0
0.04073322 0.5267985 0.8490137 0
-0.2646592 1.376345 0.297932 1

0.7098243 -0.6597372 -0.2467723 0
0.03994042 0.3874749 -0.9210148 0
0.7032455 0.6439024 0.3013891 0
-0.2187513 1.565316 0.2334079 1

0.9951993 -0.09786879 -2.980232E-08 0
0.09786879 0.9951994 -1.117587E-08 0
2.980232E-08 6.984919E-09 1 0
-0.150452 0.9045892 0.1193795 1

1 0 0 0
0 1 0 0
0 0 1 0
0 0 0 1

1 0 0 0
0 1 0 0
0 0 1 0
0 0 0 1

0.7761742 -0.001600503 -0.6305165 0
-0.03116475 0.9986771 -0.04089928 0
0.6297478 0.05139485 0.7750976 0
0.01486363 0.8588107 0.05583957 1

0.9459085 0.1603026 0.2820643 0
0.2653026 -0.8826084 -0.388094 0
0.1867399 0.4419338 -0.8773955 0
0.1153063 0.8272874 -0.03061782 1

0.9459085 0.1603026 0.2820643 0
0.09987463 -0.971062 0.2169418 0
0.3086782 -0.177036 -0.9345459 0
0.2321334 0.4386271 -0.2015167 1

0.9913127 0.06246591 -0.1157461 0
0.06214581 -0.9980468 -0.006375775 0
-0.1159183 -0.0008727203 -0.9932585 0
0.2639896 0.1288955 -0.1323205 1

0.9911614 0.06288824 -0.1168078 0
0.0672728 -0.997156 0.03397716 0
-0.1143389 -0.04153479 -0.9925731 0
0.2545816 0.02478915 -0.2690804 1

0.5747612 -0.2372568 -0.7831722 0
0.3228213 0.945169 -0.04941773 0
0.7519547 -0.2244213 0.619838 0
-0.09041739 0.8277112 0.1364994 1

0.5747585 -0.2372648 -0.7831719 0
-0.207956 0.8832778 -0.4202081 0
0.7914588 0.4043834 0.4583308 0
-0.2325729 0.4115027 0.1582608 1

0.4428305 -0.1054776 -0.8903795 0
0.0593074 0.9943274 -0.08829515 0
0.8946418 -0.01370626 0.4465741 0
-0.166243 0.1297705 0.2922914 1

0.4339708 -0.1051528 -0.8947694 0
-0.03803088 0.9901419 -0.1348062 0
0.9001241 0.09253078 0.4256938 0
-0.2950052 0.02804947 0.2403013 1

0.7849216 -0.00883204 -0.619532 0
-0.01195636 0.9994963 -0.02939703 0
0.6194797 0.03048171 0.7844207 0
0.012545 0.9951934 0.05263912 1

0.8098517 -0.03386224 -0.5856565 0
-0.05018704 0.9906733 -0.1266792 0
0.5844839 0.1319837 0.8005991 0
0.01048218 1.167636 0.04756727 1

0.7167704 -0.09760232 -0.6904448 0
-0.3220713 0.8318742 -0.4519464 0
0.6184742 0.5463142 0.5648279 0
0.007441343 1.354937 0.03253273 1

-0.3289875 0.7530615 -0.5697944 0
0.4552738 -0.4021468 -0.7943575 0
-0.8273411 -0.5207462 -0.210548 0
0.02757582 1.43411 -0.04942777 1

-0.4979127 0.16618 -0.8511564 0
-0.211195 -0.9751558 -0.06684413 0
-0.8411182 0.1464775 0.5206387 0
0.1295113 1.34407 -0.227284 1

-0.515233 0.1192031 -0.8487201 0
-0.8141106 -0.3775927 0.4411892 0
-0.2678793 0.9182672 0.2915928 0
0.06637123 1.052533 -0.2472684 1

0.4099239 -0.8404477 0.3544159 0
-0.870435 -0.4765747 -0.1233698 0
0.2725912 -0.2579239 -0.9269141 0
-0.1381122 0.9576918 -0.1364532 1

-0.2525468 0.9104358 -0.3276086 0
0.2725912 -0.2579239 -0.9269141 0
-0.9283935 -0.3233922 -0.1830392 0
-0.168589 0.9328474 -0.1870512 1

-0.8531574 -0.511418 0.1028319 0
-0.5016302 0.7502182 -0.4307438 0
0.1431437 -0.4190759 -0.8965967 0
-0.2395009 0.8790867 -0.2187386 1

-0.9593665 0.1664605 -0.2278319 0
0.245352 0.8909038 -0.3822209 0
0.1393516 -0.4225891 -0.8955446 0
-0.2670735 0.9203232 -0.242415 1

-0.7713077 -0.6294546 0.09418923 0
-0.5901238 0.6518424 -0.476294 0
0.2384087 -0.4229527 -0.8742272 0
-0.2525312 0.8883517 -0.1768881 1

-0.9232017 0.1808849 -0.339087 0
0.3027008 0.8858727 -0.3515706 0
0.236794 -0.4272127 -0.872593 0
-0.2853791 0.9260425 -0.2041231 1

-0.7849911 -0.6050228 0.1331801 0
-0.5736784 0.628777 -0.5249128 0
0.2338435 -0.4884545 -0.8406724 0
-0.2655509 0.9034946 -0.1388542 1

-0.9188784 0.1715699 -0.3552845 0
0.3177741 0.8555564 -0.4087094 0
0.2338435 -0.4884545 -0.8406724 0
-0.2965669 0.9374894 -0.1672336 1

-0.8528208 -0.5212155 -0.03211328 0
-0.3626428 0.6353662 -0.6817626 0
0.3757488 -0.5697759 -0.7308684 0
-0.2754837 0.917536 -0.1076214 1

-0.920761 -0.1270674 -0.368854 0
0.1194437 0.8082486 -0.5765997 0
0.3713927 -0.5749681 -0.7290266 0
-0.2928205 0.9495251 -0.1415083 1

0.6957427 -0.4239487 -0.5798362 0
-0.6164931 -0.7667094 -0.1791459 0
-0.3686171 0.4821044 -0.7947937 0
-0.1827087 0.9328884 -0.23127 1

-0.01268497 -0.8332327 -0.5527774 0
-0.9882993 0.09448345 -0.1197411 0
0.1520004 0.5447904 -0.8246815 0
-0.2182092 0.8865014 -0.2429426 1

0.08132079 -0.8263843 -0.5572041 0
-0.8141106 -0.3775927 0.4411892 0
-0.5749881 0.4177477 -0.7034742 0
-0.02695684 1.009247 -0.1966914 1

-0.3888505 0.1546356 -0.9082309 0
-0.2160734 -0.9736248 -0.0732601 0
-0.8956047 0.1677573 0.412007 0
0.1295114 1.34407 -0.2272839 1

-0.5456982 0.1743687 -0.8196399 0
-0.211195 -0.9751558 -0.06684413 0
-0.810932 0.1366272 0.5689663 0
0.08938427 1.15879 -0.2399843 1

-0.09608445 0.1853025 -0.9779729 0
0.5481435 -0.8102669 -0.2073805 0
-0.830847 -0.5559955 -0.02371848 0
0.1243381 1.35857 -0.3167422 1

0.8963025 0.2719217 -0.3502857 0
-0.441692 0.6175741 -0.6507767 0
0.03936717 0.7380113 0.673639 0
-0.05160442 1.504444 -0.04989884 1

0.9937922 0.09867173 0.05138934 0
-0.07565289 0.9380542 -0.3381286 0
-0.08156967 0.3321417 0.9396959 0
-0.1051545 1.579317 -0.128798 1

0.9937922 0.09867173 0.05138934 0
-0.07565289 0.9380542 -0.3381286 0
-0.08156967 0.3321417 0.9396959 0
-0.09958918 1.591214 -0.2592642 1

0.9656163 -0.2071746 0.1570472 0
-0.2557231 -0.8657008 0.4303116 0
0.04680616 -0.4556765 -0.8889145 0
-0.04893431 1.594979 -0.2320367 1

0.9426122 0.3319946 -0.03552276 0
-0.3131044 0.8419648 -0.439387 0
-0.1159651 0.4252939 0.8975953 0
-0.1536963 1.582813 -0.2358561 1

0.9937921 0.09867171 0.05138934 0
0.07565289 -0.9380542 0.3381286 0
0.08156961 -0.3321418 -0.9396958 0
-0.06587096 1.613182 -0.2305875 1

0.9937922 0.09867173 0.05138934 0
-0.07565289 0.9380542 -0.3381286 0
-0.08156967 0.3321417 0.9396959 0
-0.1397101 1.60585 -0.2344055 1

0.97209 0.2236376 -0.07090184 0
0.2343029 -0.9100237 0.3419926 0
0.01195994 -0.3490601 -0.9370242 0
-0.08260968 1.605129 -0.2696697 1

0.9780051 0.2082754 0.01127893 0
-0.1919693 0.9199474 -0.3418254 0
-0.08156967 0.3321417 0.9396959 0
-0.1143175 1.603335 -0.2729111 1

0.9704869 0.1277129 0.2045592 0
0.1010793 -0.9855701 0.1357742 0
0.2189474 -0.1110905 -0.9693923 0
-0.03590384 1.631476 -0.2541516 1

0.995832 0.07935799 -0.0449526 0
-0.08713888 0.9733739 -0.2120141 0
0.0269309 0.2150476 0.9762321 0
-0.1701555 1.618982 -0.2625111 1

0.9788994 0.2039356 0.01289052 0
0.187181 -0.9202059 0.3437794 0
0.08197069 -0.3341127 -0.938962 0
-0.06588203 1.613384 -0.2307607 1

0.99598 -0.007853556 0.08923155 0
0.04026878 0.9290723 -0.3677001 0
-0.08001471 0.3698152 0.9256535 0
-0.1397075 1.605839 -0.2344351 1

0.983667 0.1649539 0.07203764 0
-0.1336861 0.9375067 -0.321262 0
-0.1205291 0.3063844 0.9442466 0
-0.1033592 1.582429 -0.1694918 1

0.9159831 0.3953787 0.06819597 0
0.3754798 -0.9046485 0.2015597 0
0.1413858 -0.1590191 -0.9770994 0
-0.06348234 1.527488 -0.2538705 1

0.9833775 0.166968 0.07134715 0
-0.1496067 0.9677438 -0.2027061 0
-0.102891 0.1886626 0.9766371 0
-0.08986884 1.538946 -0.2660087 1

0.9962429 -0.08635999 0.006468832 0
0.08621135 0.9818926 -0.1686843 0
0.008215874 0.1686084 0.985649 0
-0.1173211 1.520574 -0.2551436 1

0.9927458 0.00897107 0.1198959 0
-0.04033105 -0.9145852 0.4023772 0
0.1132646 -0.4042939 -0.9075891 0
-0.04274676 1.538764 -0.2235051 1

0.9554838 0.2925185 -0.03851637 0
-0.2817666 0.8659584 -0.413187 0
-0.0875113 0.4056461 0.9098313 0
-0.150953 1.523655 -0.2256872 1

0.9815721 0.1405158 0.1295048 0
0.05479363 -0.8562135 0.5137084 0
0.1830678 -0.4971457 -0.8481346 0
-0.06836899 1.550471 -0.2497967 1

0.9910939 0.1265946 0.04130909 0
-0.08783668 0.8546448 -0.5117297 0
-0.1000867 0.5035438 0.858153 0
-0.09401049 1.549477 -0.2570578 1

0.9893219 0.1360294 -0.05232656 0
-0.1421845 0.8219045 -0.5515944 0
-0.03202549 0.5531446 0.8324696 0
-0.1218071 1.545898 -0.2515565 1

0.9937612 0.09905603 0.05125087 0
0.06471044 -0.8863773 0.458419 0
0.09083676 -0.4522426 -0.8872573 0
-0.07917912 1.575812 -0.2543208 1

0.9937612 0.09905603 0.05125087 0
-0.06471041 0.8863773 -0.4584189 0
-0.09083673 0.4522425 0.8872574 0
-0.09634803 1.563965 -0.2696216 1

0.9937612 0.09905603 0.05125087 0
-0.06471041 0.8863773 -0.4584189 0
-0.09083673 0.4522425 0.8872574 0
-0.1170271 1.571852 -0.2562068 1

0.9937922 0.09867173 0.05138934 0
-0.07568669 0.9381917 -0.3377394 0
-0.08153838 0.3317533 0.9398358 0
-0.1103334 1.664424 -0.1920594 1

0.3992215 -0.8213022 0.4075353 0
0.4094675 -0.2379913 -0.8807364 0
0.8203405 0.5184814 0.2412854 0
-0.07192674 1.454704 0.006670941 1

0.8296473 -0.4530781 0.3261989 0
0.5578603 0.6956457 -0.4526241 0
-0.02184466 0.5574918 0.8298951 0
-0.1636089 1.507997 0.2038609 1

0.868301 -0.3923427 0.3035136 0
-0.03076145 0.5681079 0.822379 0
-0.4950829 -0.7234091 0.4812196 0
-0.3303897 1.300019 0.3391816 1

0.9993535 -0.007153372 0.03523517 0
-0.01773977 0.7543065 0.6562827 0
-0.03127277 -0.6564834 0.753692 0
-0.3226642 1.157325 0.1326218 1

-0.9810908 -0.1239393 -0.1486621 0
-0.03127277 -0.6564834 0.753692 0
-0.1910061 0.7440892 0.6401938 0
-0.2686758 1.091214 0.02721857 1

0.9739248 0.1462573 0.1734341 0
-0.2260976 0.6887932 0.6887988 0
-0.0187183 -0.7100512 0.7039012 0
-0.3134404 1.100045 -0.0083155 1

0.5099376 0.6023553 0.6141106 0
-0.8593564 0.3249026 0.3948982 0
0.03834295 -0.7291135 0.6833181 0
-0.3010123 1.062185 -0.0461761 1

0.1465136 0.7906836 0.5944352 0
-0.98792 0.08629399 0.1287145 0
0.05047634 -0.6061128 0.7937754 0
-0.3165116 1.069361 0.02418238 1

-0.9729362 0.1478255 0.1776032 0
-0.2247611 -0.7838454 -0.5788515 0
0.05364436 -0.6031037 0.7958571 0
-0.2601363 1.065225 0.01739318 1

-0.0139499 0.7632988 0.6458954 0
-0.9948262 -0.07560415 0.06786036 0
0.1006301 -0.6416067 0.7604042 0
-0.3132757 1.041725 0.05691193 1

-0.9583064 0.1506906 0.2427787 0
-0.2561131 -0.8297333 -0.4959324 0
0.1267092 -0.5374338 0.8337325 0
-0.2594904 1.045812 0.05324254 1

0.02690119 0.764871 0.6436216 0
-0.9718392 -0.1307726 0.1960281 0
0.2341043 -0.6307701 0.7398137 0
-0.3096128 1.019962 0.08491643 1

-0.9534093 0.05407827 0.2967939 0
-0.1665503 -0.9146413 -0.3683648 0
0.2515394 -0.4006333 0.8810341 0
-0.2612832 1.027092 0.07566641 1

0.2079336 -0.9781406 0.002130091 0
-0.9319018 -0.1974416 0.3042631 0
-0.2971918 -0.06525175 -0.9525856 0
-0.2946407 1.164407 0.03599699 1

-0.9373675 -0.3307053 -0.1094358 0
-0.3430733 0.8220125 0.4545287 0
-0.06035739 0.4636051 -0.8839837 0
-0.2454706 1.175758 0.01718106 1

0.9648117 -0.198079 0.1729243 0
-0.03076145 0.5681079 0.822379 0
-0.2611358 -0.7987603 0.542024 0
-0.3268619 1.234889 0.2449036 1

0.7789018 -0.6240396 -0.0623441 0
0.5330325 0.7111133 -0.4584692 0
0.3304367 0.3238711 0.886521 0
-0.1636091 1.507997 0.2038609 1

0.8295338 -0.4843202 0.2780422 0
0.5578603 0.6956457 -0.4526241 0
0.02579618 0.5305759 0.8472449 0
-0.2696007 1.375823 0.28986 1

0.7154359 -0.6570293 -0.2376209 0
0.0445759 0.3823319 -0.9229492 0
0.6972548 0.6497189 0.3028216 0
-0.2232707 1.564547 0.2253228 1

0.9945556 -0.1042071 -5.662441E-07 0
0.1042071 0.9945557 -1.922995E-05 0
2.563E-06 1.906254E-05 1 0
-0.1490087 0.9024531 0.1156996 1

1 0 0 0
0 1 0 0
0 0 1 0
0 0 0 1

1 0 0 0
0 1 0 0
0 0 1 0
0 0 0 1

0.7802929 0.006954383 -0.6253756 0
-0.04324901 0.9981444 -0.04286291 0
0.623917 0.0604925 0.7791458 0
0.01480037 0.8584358 0.05227686 1

0.9466029 0.1584028 0.2808052 0
0.2625307 -0.8842766 -0.3861766 0
0.1871381 0.4392759 -0.8786445 0
0.1161958 0.8280139 -0.03345999 1

0.9466029 0.1584028 0.2808052 0
0.09593756 -0.9699191 0.2237249 0
0.307797 -0.1848389 -0.9333251 0
0.2318023 0.438619 -0.2035145 1

0.9912809 0.06278635 -0.1158458 0
0.06238486 -0.998027 -0.007091805 0
-0.1160625 -0.0001970981 -0.9932418 0
0.2624027 0.1292518 -0.1321548 1

0.9911191 0.06396566 -0.1165813 0
0.06841524 -0.9970579 0.03457008 0
-0.114027 -0.04223903 -0.9925793 0
0.2529998 0.02524006 -0.2689869 1

0.5757874 -0.2415261 -0.7811108 0
0.3226179 0.9449661 -0.05437727 0
0.7512567 -0.2206905 0.6220201 0
-0.09061956 0.8261702 0.1322947 1

0.5757846 -0.2415341 -0.7811103 0
-0.2111049 0.8790538 -0.4274331 0
0.7898777 0.4110055 0.4551567 0
-0.2326854 0.4100511 0.15624 1

0.4399999 -0.1095026 -0.8912964 0
0.0571327 0.9939401 -0.09390883 0
0.8961785 -0.009602332 0.4435898 0
-0.1653512 0.1296661 0.2925751 1

0.4311929 -0.1081003 -0.8957605 0
-0.0402213 0.9895068 -0.1387749 0
0.9013629 0.09586734 0.4223205 0
-0.2940974 0.02742314 0.2415788 1

0.7885249 -0.005626935 -0.6149771 0
-0.01967326 0.9992156 -0.03436774 0
0.614688 0.03919842 0.7877957 0
0.01081549 0.9947738 0.04882098 1

0.813154 -0.03258652 -0.5811357 0
-0.05506048 0.9896476 -0.1325367 0
0.5794384 0.1397704 0.8029417 0
0.007421283 1.167168 0.04289155 1

0.720868 -0.0995819 -0.6858811 0
-0.322325 0.8279203 -0.4589711 0
0.6135601 0.5519343 0.5647234 0
0.003411095 1.354362 0.0267836 1

-0.3279201 0.7469394 -0.5784027 0
0.4597778 -0.4086676 -0.7884132 0
-0.8252712 -0.5244733 -0.2094157 0
0.02373421 1.433081 -0.05556634 1

-0.4885541 0.1644354 -0.8568988 0
-0.190705 -0.9784606 -0.07903376 0
-0.8514379 0.1248026 0.5093898 0
0.1266782 1.341581 -0.2320916 1

-0.5058118 0.1147204 -0.8549818 0
-0.8259991 -0.3502134 0.4416743 0
-0.2487571 0.9296181 0.2719012 0
0.06966391 1.049056 -0.2557204 1

0.408758 -0.8406901 0.3551866 0
-0.8670341 -0.4792071 -0.1364285 0
0.284902 -0.2521926 -0.9247864 0
-0.1378057 0.9610916 -0.1447832 1

-0.2519892 0.9111317 -0.3261 0
0.284902 -0.2521926 -0.9247864 0
-0.9248419 -0.3259424 -0.1960333 0
-0.1675656 0.9363899 -0.1958753 1

-0.8523945 -0.5151323 0.08979008 0
-0.499178 0.7505055 -0.4330859 0
0.1557087 -0.4139811 -0.8968693 0
-0.2378785 0.8825248 -0.2286998 1

-0.9571332 0.1640115 -0.2387395 0
0.2466117 0.8937464 -0.3747002 0
0.1519175 -0.4175138 -0.8958814 0
-0.2653164 0.9237772 -0.2525049 1

-0.7699954 -0.6328155 0.08155856 0
-0.5867313 0.6520305 -0.4802119 0
0.250707 -0.4176137 -0.8733531 0
-0.2514556 0.8915286 -0.1869662 1

-0.9196641 0.1791357 -0.349469 0
0.3035998 0.8887752 -0.3433746 0
0.2490887 -0.4218879 -0.8717602 0
-0.284111 0.9292333 -0.2144122 1

-0.7842484 -0.6086333 0.1205009 0
-0.5696038 0.6292737 -0.5287407 0
0.245981 -0.4833015 -0.8401865 0
-0.2649976 0.9064292 -0.149019 1

-0.9151074 0.1699194 -0.3656587 0
0.319487 0.8588058 -0.4004759 0
0.245981 -0.4833015 -0.8401865 0
-0.2957932 0.9404509 -0.1776055 1

-0.8503685 -0.5242439 -0.04518822 0
-0.3566904 0.6374509 -0.6829559 0
0.3868409 -0.5646458 -0.7290608 0
-0.2753657 0.9202746 -0.1178404 1

-0.9156842 -0.1286501 -0.3807513 0
0.1234092 0.8116063 -0.5710214 0
0.3824821 -0.5698635 -0.7272985 0
-0.2924081 0.9523698 -0.151776 1

0.7044026 -0.4183864 -0.5733848 0
-0.611323 -0.7680995 -0.1905442 0
-0.3606954 0.4847432 -0.7968207 0
-0.181143 0.9366022 -0.2402633 1

-0.002736151 -0.8304591 -0.5570732 0
-0.9871124 0.09137887 -0.1313747 0
0.1600059 0.5495343 -0.8200066 0
-0.2163205 0.8901422 -0.2526033 1

0.0632471 -0.8362023 -0.544762 0
-0.8259991 -0.3502134 0.4416743 0
-0.560112 0.4220383 -0.7128523 0
-0.0250271 1.008908 -0.2050877 1

-0.3770664 0.1553785 -0.9130599 0
-0.195508 -0.9769666 -0.08551467 0
-0.9053163 0.1462658 0.3987589 0
0.1266782 1.341581 -0.2320916 1

-0.535808 0.1712141 -0.8267983 0
-0.190705 -0.9784606 -0.07903376 0
-0.8225213 0.1153276 0.5569184 0
0.09044424 1.155673 -0.247108 1

-0.09194967 0.1758445 -0.9801142 0
0.5507846 -0.811022 -0.1971794 0
-0.8295672 -0.5579624 -0.02227905 0
0.1218677 1.355249 -0.3215933 1

0.8974093 0.2743901 -0.3454947 0
-0.4400798 0.6124427 -0.6566914 0
0.0314061 0.7413663 0.6703653 0
-0.0556736 1.503146 -0.05691677 1

0.9925759 0.1045785 0.06210092 0
-0.07756022 0.9375315 -0.3391448 0
-0.09368885 0.3318104 0.9386822 0
-0.1090282 1.577398 -0.136533 1

0.9925759 0.1045785 0.06210092 0
-0.07756022 0.9375315 -0.3391448 0
-0.09368885 0.3318104 0.9386822 0
-0.1021241 1.589305 -0.2669343 1

0.9650754 -0.2014119 0.1675192 0
-0.2552161 -0.8671311 0.4277252 0
0.0591124 -0.4555406 -0.8882505 0
-0.05178963 1.593375 -0.2391619 1

0.9409542 0.3375787 -0.02541354 0
-0.3133293 0.8400169 -0.4429405 0
-0.1281795 0.4247496 0.8961909 0
-0.1564302 1.580586 -0.2441102 1

0.9925759 0.1045785 0.06210092 0
0.07756022 -0.9375315 0.3391448 0
0.09368882 -0.3318104 -0.9386823 0
-0.06884871 1.611478 -0.2379 1

0.9925759 0.1045785 0.06210092 0
-0.07756022 0.9375315 -0.3391448 0
-0.09368885 0.3318104 0.9386822 0
-0.1425975 1.603707 -0.2425138 1

0.9714553 0.2293925 -0.06044695 0
0.23599 -0.9085589 0.3447162 0
0.02415588 -0.3491412 -0.9367588 0
-0.08511604 1.603318 -0.277159 1

0.9765729 0.2140797 0.0217967 0
-0.1937204 0.9187338 -0.3440939 0
-0.09368885 0.3318104 0.9386822 0
-0.1167758 1.601336 -0.2807423 1

0.9674449 0.1335066 0.215003 0
0.1054533 -0.9849299 0.1370881 0
0.230065 -0.1099524 -0.9669441 0
-0.03873774 1.629945 -0.2611432 1

0.9957714 0.08526096 -0.03420898 0
-0.09061771 0.9728035 -0.2131701 0
0.01510337 0.2153686 0.9764161 0
-0.1728148 1.616654 -0.2709499 1

0.9774755 0.2097456 0.02341869 0
0.1889128 -0.9190204 0.3459962 0
0.09409365 -0.3337787 -0.9379437 0
-0.06885914 1.61168 -0.2380735 1

0.9949867 -0.001925574 0.09998918 0
0.0387255 0.9292328 -0.3674601 0
-0.09220567 0.36949 0.9246487 0
-0.1425945 1.603696 -0.2425434 1

0.981835 0.1708029 0.08262306 0
-0.1357679 0.9366423 -0.3229061 0
-0.1325416 0.3058229 0.9428176 0
-0.1068117 1.580513 -0.1772058 1

0.9128302 0.4008211 0.0779967 0
0.3786419 -0.9023693 0.2058156 0
0.1528772 -0.158342 -0.9754775 0
-0.06570014 1.525795 -0.261136 1

0.9815409 0.1728151 0.08192888 0
-0.1531479 0.9668043 -0.2045363 0
-0.1145563 0.1882135 0.9754244 0
-0.09202147 1.537095 -0.2735612 1

0.9966099 -0.08044302 0.0172528 0
0.08220062 0.9823586 -0.1679719 0
-0.003436327 0.1688206 0.9856408 0
-0.11948 1.518562 -0.2629889 1

0.9913217 0.01488478 0.130613 0
-0.03924847 -0.9147406 0.4021311 0
0.1254626 -0.4037677 -0.9062181 0
-0.04536117 1.537199 -0.230551 1

0.9540914 0.2981792 -0.02825874 0
-0.2824194 0.8642007 -0.4164091 0
-0.09974346 0.4052732 0.9087382 0
-0.1534459 1.521448 -0.2338984 1

0.9792643 0.1463625 0.14007 0
0.05431947 -0.8557861 0.5144699 0
0.1951691 -0.4961935 -0.8459913 0
-0.07076685 1.548749 -0.2571205 1

0.989821 0.1324832 0.05198553 0
-0.0873722 0.8540217 -0.5128479 0
-0.1123407 0.5030857 0.856904 0
-0.09632201 1.547602 -0.264658 1

0.989005 0.1418915 -0.04166597 0
-0.1410909 0.8209527 -0.5532901 0
-0.04430133 0.5530853 0.831946 0
-0.1241547 1.543859 -0.2594565 1

0.9925441 0.1049625 0.06196204 0
0.06501204 -0.8859 0.459298 0
0.1031014 -0.4518452 -0.8861187 0
-0.08167761 1.574026 -0.261767 1

0.9925441 0.1049625 0.06196204 0
-0.06501205 0.8859001 -0.4592979 0
-0.1031014 0.4518452 0.8861187 0
-0.0986096 1.562074 -0.2772497 1

0.9925441 0.1049625 0.06196204 0
-0.06501205 0.8859001 -0.4592979 0
-0.1031014 0.4518452 0.8861187 0
-0.1194789 1.569841 -0.264061 1

0.9925759 0.1045785 0.06210092 0
-0.07759897 0.9376687 -0.338756 0
-0.09365672 0.3314222 0.9388226 0
-0.1140282 1.662461 -0.1998665 1

0.4000163 -0.8180096 0.4133368 0
0.4147514 -0.2406033 -0.8775485 0
0.8172933 0.5224657 0.2430253 0
-0.07614218 1.453698 -0.0001444668 1

0.8270773 -0.4528665 0.332949 0
0.5613788 0.6952765 -0.4488259 0
-0.02823356 0.5581242 0.8292769 0
-0.1690074 1.507575 0.1963317 1

0.8659084 -0.3921501 0.3105174 0
-0.04131058 0.5625972 0.8256985 0
-0.498494 -0.727807 0.4709577 0
-0.33684 1.299708 0.3305168 1

0.998848 -0.001960761 0.0479475 0
-0.03022602 0.7503446 0.6603557 0
-0.0372723 -0.6610442 0.7494209 0
-0.3264649 1.158399 0.1231232 1

-0.9784245 -0.128365 -0.1618887 0
-0.0372723 -0.6610442 0.7494209 0
-0.203215 0.7392857 0.6419974 0
-0.2707774 1.093198 0.0180371 1

0.9708217 0.1504987 0.1866959 0
-0.2386192 0.6835175 0.6898298 0
-0.02379158 -0.7142511 0.6994854 0
-0.3151335 1.101995 -0.01801385 1

0.4987697 0.6014959 0.6240447 0
-0.8660818 0.317938 0.3857688 0
0.03363058 -0.7328837 0.6795224 0
-0.3020172 1.064425 -0.05593111 1

0.1345999 0.7879699 0.6008214 0
-0.9899368 0.08020074 0.11659 0
0.04368258 -0.6104681 0.7908354 0
-0.3184503 1.071105 0.01426412 1

-0.975914 0.141525 0.1660208 0
-0.2130756 -0.781646 -0.5861986 0
0.04680741 -0.6074542 0.7929745 0
-0.2619713 1.067314 0.008171335 1

-0.02635351 0.7594178 0.6500697 0
-0.9951807 -0.08137324 0.05471683 0
0.09445101 -0.6454946 0.7579022 0
-0.3154802 1.043296 0.04687187 1

-0.9621313 0.1440874 0.2313933 0
-0.2452293 -0.8281874 -0.5039533 0
0.1190233 -0.5416135 0.8321589 0
-0.2616756 1.047695 0.04391308 1

0.014514 0.7612241 0.6483267 0
-0.9735261 -0.1371663 0.1828461 0
0.2281152 -0.6338168 0.7390804 0
-0.3120551 1.021389 0.0747945 1

-0.9573933 0.04718845 0.2849068 0
-0.1568347 -0.9133556 -0.3757461 0
0.2424901 -0.40442 0.8818409 0
-0.2636513 1.028835 0.06620347 1

0.2132433 -0.9769989 -0.0008744448 0
-0.9346055 -0.204251 0.291195 0
-0.2846755 -0.06127824 -0.9566634 0
-0.2972524 1.166197 0.02690665 1

-0.9340729 -0.3351181 -0.1233044 0
-0.3533298 0.8174722 0.45486 0
-0.05163375 0.4684395 -0.8819855 0
-0.2479096 1.177924 0.008785874 1

0.9636481 -0.1958904 0.181684 0
-0.04131058 0.5625972 0.8256985 0
-0.2639616 -0.8031884 0.5340535 0
-0.3321029 1.23521 0.2358582 1

0.7820988 -0.6213021 -0.04801333 0
0.5365745 0.7106127 -0.4551015 0
0.3168744 0.3301717 0.8891442 0
-0.1690076 1.507575 0.1963317 1

0.8274188 -0.4815501 0.2889423 0
0.5613788 0.6952765 -0.4488259 0
0.01523724 0.533573 0.8456169 0
-0.2756677 1.375472 0.2816091 1

0.7189192 -0.6555986 -0.2309669 0
0.0479154 0.3782332 -0.9244695 0
0.6934403 0.6535519 0.3033322 0
-0.228765 1.56389 0.2170198 1

0.9939089 -0.1102047 2.771616E-06 0
0.1102047 0.9939089 -2.272055E-05 0
-2.980232E-07 2.288027E-05 1 0
-0.1499923 0.9001456 0.1109769 1

1 0 0 0
0 1 0 0
0 0 1 0
0 0 0 1

1 0 0 0
0 1 0 0
0 0 1 0
0 0 0 1

0.7834007 0.01439054 -0.6213503 0
-0.05383284 0.9975458 -0.04476938 0
0.6191812 0.06852142 0.7822528 0
0.0155913 0.8577602 0.04741688 1

0.9465516 0.1572456 0.2816273 0
0.2611786 -0.8860019 -0.3831271 0
0.1892772 0.4362046 -0.8797157 0
0.1177529 0.8282992 -0.037744 1

0.9465516 0.1572456 0.2816273 0
0.09141089 -0.9680983 0.2333015 0
0.3093286 -0.1950881 -0.930729 0
0.232764 0.4381445 -0.2064556 1

0.9912477 0.06312631 -0.1159448 0
0.06263667 -0.9980054 -0.007865626 0
-0.1162102 0.0005343682 -0.9932245 0
0.2619206 0.1293581 -0.1320414 1

0.9910625 0.06525533 -0.1163483 0
0.069787 -0.9969369 0.03530604 0
-0.1136881 -0.04311007 -0.9925808 0
0.2525237 0.02544892 -0.2689517 1

0.5780595 -0.2464 -0.7779037 0
0.3222125 0.9447754 -0.05982062 0
0.7496842 -0.2160704 0.6255296 0
-0.0898861 0.8244845 0.1269438 1

0.5780567 -0.246408 -0.7779033 0
-0.2141465 0.8740927 -0.4360083 0
0.7873955 0.4186228 0.4525077 0
-0.2317735 0.4084494 0.1532861 1

0.4373912 -0.1132061 -0.8921173 0
0.05493701 0.9935554 -0.09914343 0
0.8975917 -0.005645888 0.4407916 0
-0.1634691 0.1296468 0.2923564 1

0.4284852 -0.1101678 -0.8968073 0
-0.04297309 0.9889311 -0.1420168 0
0.9025262 0.09939067 0.4190081 0
-0.2921802 0.02690178 0.2422888 1

0.7910802 -0.003056977 -0.6117048 0
-0.02605702 0.9989115 -0.03868999 0
0.6111572 0.04654608 0.7901394 0
0.0101482 0.9940412 0.04371049 1

0.8152818 -0.03236019 -0.5781595 0
-0.05844309 0.9887408 -0.1377534 0
0.5761077 0.1460972 0.8042111 0
0.005652602 1.166383 0.03703533 1

0.723318 -0.1027732 -0.6828241 0
-0.3217408 0.8247982 -0.4649631 0
0.6109778 0.5560085 0.563525 0
0.00097147 1.353475 0.01996253 1

-0.3260468 0.741996 -0.5857776 0
0.461374 -0.415937 -0.7836646 0
-0.8251226 -0.5257739 -0.2067227 0
0.02148166 1.43173 -0.06278297 1

-0.478728 0.1642146 -0.8624692 0
-0.1744973 -0.9805505 -0.08983981 0
-0.8604478 0.1074896 0.4980721 0
0.124783 1.338602 -0.238245 1

-0.4960306 0.1119622 -0.8610563 0
-0.8381739 -0.3207083 0.4411473 0
-0.226756 0.9405375 0.2529249 0
0.0726143 1.045453 -0.2651044 1

0.4056798 -0.8429745 0.353296 0
-0.8655624 -0.4784943 -0.1478005 0
0.2936421 -0.2458402 -0.9237624 0
-0.1379132 0.9648992 -0.1542996 1

-0.2492132 0.9132574 -0.3222633 0
0.2936421 -0.2458402 -0.9237624 0
-0.922858 -0.324844 -0.2069042 0
-0.1671849 0.9405369 -0.205835 1

-0.8530332 -0.5159496 0.07829672 0
-0.4953363 0.7532971 -0.4326496 0
0.1642449 -0.4078478 -0.898156 0
-0.2371696 0.8868776 -0.2396821 1

-0.9549052 0.16538 -0.2465882 0
0.2498269 0.8963313 -0.3663019 0
0.1604457 -0.411388 -0.8972278 0
-0.2643962 0.9282835 -0.2634631 1

-0.7705227 -0.6335529 0.07004029 0
-0.5824121 0.6551212 -0.4812613 0
0.2590197 -0.4116151 -0.8737745 0
-0.2511402 0.8955945 -0.1980174 1

-0.9164044 0.1812648 -0.3568561 0
0.3065205 0.8911623 -0.3344775 0
0.2573878 -0.4159005 -0.8722262 0
-0.283549 0.9334762 -0.2255122 1

-0.7851479 -0.6096393 0.1090105 0
-0.5648232 0.6326987 -0.5297806 0
0.2540041 -0.4775277 -0.8411003 0
-0.2650424 0.9102339 -0.1600989 1

-0.911693 0.1721595 -0.3730646 0
0.3229521 0.861585 -0.3916292 0
0.2540041 -0.4775277 -0.8411003 0
-0.2955795 0.9444408 -0.1887414 1

-0.8497388 -0.5241449 -0.05671561 0
-0.3504756 0.6419768 -0.6819331 0
0.3938417 -0.5595875 -0.7292125 0
-0.2757067 0.9238648 -0.1289256 1

-0.9120324 -0.126301 -0.3901862 0
0.128497 0.8154929 -0.5643224 0
0.3894685 -0.5648181 -0.7275267 0
-0.2924406 0.956185 -0.1628012 1

0.7098827 -0.4143055 -0.5695769 0
-0.6092625 -0.7669474 -0.2014734 0
-0.3533638 0.490044 -0.7968633 0
-0.1803454 0.9410469 -0.2503459 1

0.002754688 -0.8266621 -0.5626926 0
-0.9858663 0.092013 -0.1400042 0
0.1675113 0.5551253 -0.8147247 0
-0.2153908 0.8946626 -0.26333 1

0.04162596 -0.8441029 -0.5345632 0
-0.8381739 -0.3207083 0.4411473 0
-0.5438125 0.4296936 -0.7208548 0
-0.02347235 1.008687 -0.2145322 1

-0.3684136 0.157625 -0.9162018 0
-0.1792446 -0.9790736 -0.09636564 0
-0.9122185 0.1287218 0.3889574 0
0.124783 1.338602 -0.238245 1

-0.5268583 0.1700584 -0.8327667 0
-0.1744973 -0.9805505 -0.08983981 0
-0.831848 0.09798263 0.546286 0
0.09162857 1.152298 -0.2553146 1

-0.0895057 0.1672104 -0.9818499 0
0.5507082 -0.8130943 -0.1886738 0
-0.829885 -0.5576004 -0.01930752 0
0.1201672 1.351515 -0.3277325 1

0.8983217 0.2746191 -0.3429319 0
-0.4385045 0.6085136 -0.6613812 0
0.02705073 0.7445102 0.6670626 0
-0.05800408 1.50169 -0.06481853 1

0.9917034 0.107466 0.07053909 0
-0.07753107 0.9377248 -0.3386163 0
-0.1025361 0.3303377 0.9382768 0
-0.1111677 1.575465 -0.1450034 1

0.9917034 0.107466 0.07053909 0
-0.07753107 0.9377248 -0.3386163 0
-0.1025361 0.3303377 0.9382768 0
-0.1032083 1.587558 -0.2753273 1

0.9642395 -0.1987388 0.175343 0
-0.2561846 -0.868432 0.4244948 0
0.06790996 -0.4542348 -0.8882902 0
-0.05312044 1.591744 -0.2471294 1

0.9401172 0.3404217 -0.01711461 0
-0.3121297 0.8396378 -0.4445034 0
-0.1369485 0.4232272 0.8956137 0
-0.1576771 1.578649 -0.2529696 1

0.9917034 0.107466 0.07053906 0
0.07753107 -0.9377248 0.3386163 0
0.102536 -0.3303377 -0.9382767 0
-0.07024368 1.609794 -0.245988 1

0.9917034 0.107466 0.07053909 0
-0.07753107 0.9377248 -0.3386163 0
-0.1025361 0.3303377 0.9382768 0
-0.1439276 1.601808 -0.2512286 1

0.9712346 0.2323718 -0.05202585 0
0.2358211 -0.9082861 0.3455499 0
0.03304169 -0.3478788 -0.936957 0
-0.08615738 1.601636 -0.2853918 1

0.9757099 0.2169699 0.03023851 0
-0.1935889 0.9185866 -0.3445612 0
-0.1025361 0.3303377 0.9382768 0
-0.1177799 1.599564 -0.2892426 1

0.9652069 0.1361249 0.2232614 0
0.1072562 -0.9847834 0.1367414 0
0.238478 -0.1080374 -0.9651198 0
-0.03999483 1.628381 -0.2689553 1

0.9957624 0.08828031 -0.02576447 0
-0.09174808 0.9727982 -0.2127115 0
0.006285518 0.2141739 0.9767752 0
-0.1739446 1.614701 -0.2799007 1

0.9766117 0.2126365 0.03186277 0
0.1887664 -0.9188897 0.3464226 0
0.1029404 -0.3323058 -0.9375373 0
-0.07025325 1.609996 -0.2461612 1

0.9941163 0.0009216508 0.1083139 0
0.03901193 0.9298098 -0.3659672 0
-0.1010485 0.3680394 0.9243029 0
-0.1439244 1.601798 -0.2512583 1

0.9805923 0.1736319 0.09105289 0
-0.1358698 0.9366413 -0.3228665 0
-0.1413439 0.3042291 0.9420544 0
-0.1086203 1.578639 -0.1856523 1

0.910939 0.4034485 0.086135 0
0.3796112 -0.9014937 0.2078564 0
0.1615096 -0.1566467 -0.9743596 0
-0.0666438 1.524151 -0.2693032 1

0.9802982 0.1756441 0.09035909 0
-0.15433 0.966601 -0.2046089 0
-0.1232794 0.1866326 0.9746643 0
-0.09289394 1.535387 -0.2819343 1

0.9966675 -0.07748556 0.02549627 0
0.08065648 0.9828123 -0.1660559 0
-0.012191 0.1675589 0.9857867 0
-0.1203843 1.516759 -0.2716154 1

0.9901447 0.01768209 0.1389267 0
-0.03986847 -0.9153633 0.4006506 0
0.1342527 -0.4022409 -0.9056372 0
-0.04659576 1.535577 -0.2385348 1

0.953396 0.3010654 -0.01989871 0
-0.2815156 0.8638803 -0.4176841 0
-0.1085602 0.4038199 0.9083744 0
-0.1546011 1.519506 -0.2428068 1

0.9776144 0.1491111 0.1484459 0
0.05257879 -0.8562722 0.5138421 0
0.2037297 -0.4945342 -0.8449439 0
-0.07181271 1.547085 -0.2653018 1

0.9889495 0.1353751 0.06043568 0
-0.08563851 0.8544067 -0.5124991 0
-0.1210163 0.50166 0.8565583 0
-0.0973004 1.54587 -0.2730544 1

0.9888889 0.1448998 -0.03320757 0
-0.1389174 0.8212287 -0.5534307 0
-0.05292097 0.5518945 0.832233 0
-0.1251643 1.542037 -0.2680908 1

0.9916713 0.1078502 0.07040039 0
0.06382297 -0.8862838 0.4587241 0
0.1118682 -0.4504104 -0.8857854 0
-0.08276002 1.572334 -0.2700081 1

0.9916713 0.1078502 0.07040039 0
-0.06382298 0.8862838 -0.4587241 0
-0.1118681 0.4504103 0.8857855 0
-0.09952589 1.560352 -0.2856468 1

0.9916713 0.1078502 0.07040039 0
-0.06382298 0.8862838 -0.4587241 0
-0.1118681 0.4504103 0.8857855 0
-0.120528 1.568039 -0.2726235 1

0.9917034 0.107466 0.07053909 0
-0.07757351 0.9378616 -0.3382277 0
-0.102504 0.3299494 0.9384168 0
-0.1158926 1.660594 -0.2082707 1

0.4003596 -0.8156977 0.417552 0
0.4172571 -0.2434103 -0.8755844 0
0.8158484 0.5247751 0.2429039 0
-0.07860731 1.452555 -0.007824119 1

0.8248451 -0.4552329 0.3352514 0
0.5645974 0.694045 -0.4466895 0
-0.02933186 0.5577317 0.8295028 0
-0.1720335 1.50706 0.1882122 1

0.8639054 -0.3946067 0.3129746 0
-0.04673073 0.5559261 0.8299172 0
-0.5014815 -0.7315953 0.4618275 0
-0.3408284 1.299562 0.3217587 1

0.9983299 0.0001084851 0.05777064 0
-0.03862497 0.7448844 0.6660746 0
-0.04296014 -0.6671937 0.7436446 0
-0.3290919 1.159927 0.1133055 1

-0.9764559 -0.1294547 -0.1725557 0
-0.04296014 -0.6671937 0.7436446 0
-0.2113964 0.7335489 0.6459237 0
-0.2722082 1.095719 0.00824916 1

0.9685533 0.1513675 0.1974649 0
-0.2471275 0.6773075 0.692952 0
-0.02885407 -0.7199601 0.6934155 0
-0.31623 1.1047 -0.02816474 1

0.4910787 0.5976375 0.6337752 0
-0.8706386 0.3126645 0.3797752 0
