MeshAnim
1
34
79
30
0.7710124 -0.009885509 -0.6367435 0
-0.01891703 0.9990827 -0.03841689 0
0.6365392 0.04166519 0.7701181 0
0.01237277 0.8590301 0.05810552 1

0.944158 0.1630223 0.2863381 0
0.2700568 -0.8807526 -0.3890295 0
0.1887725 0.4446329 -0.875595 0
0.1117142 0.8264486 -0.02922745 1

0.944158 0.1630223 0.2863381 0
0.1033139 -0.9716741 0.2125457 0
0.3128769 -0.1710939 -0.9342563 0
0.2306349 0.4386055 -0.2005382 1

0.9913282 0.06231824 -0.1156933 0
0.06203496 -0.9980556 -0.006050691 0
-0.1158455 -0.001178762 -0.9932666 0
0.2635881 0.1286786 -0.1327443 1

0.9911687 0.06228923 -0.1170671 0
0.06660174 -0.9972242 0.03329108 0
-0.1146685 -0.0407939 -0.9925658 0
0.2541784 0.02452946 -0.2694714 1

0.5753589 -0.232517 -0.7841543 0
0.3207001 0.9461003 -0.04522921 0
0.7524052 -0.2254554 0.6189156 0
-0.09264131 0.8290683 0.1395403 1

0.5753562 -0.2325249 -0.7841539 0
-0.207019 0.8861173 -0.4146558 0
0.7912701 0.4009095 0.4616961 0
-0.2338627 0.4124498 0.1594571 1

0.4442987 -0.1024955 -0.8899963 0
0.05992597 0.994609 -0.08462721 0
0.8938724 -0.0157342 0.4480456 0
-0.1678318 0.1298118 0.2917169 1

0.4352799 -0.1027019 -0.8944181 0
-0.0378872 0.9905024 -0.1321731 0
0.8994976 0.09141923 0.4272548 0
-0.2965529 0.02833939 0.2391429 1

0.7802632 -0.01236937 -0.625329 0
-0.00303019 0.999718 -0.02355596 0
0.625444 0.0202747 0.7800056 0
0.01174564 0.9954383 0.0552284 1

0.8054756 -0.036188 -0.5915231 0
-0.04353745 0.9918234 -0.1199623 0
0.5910276 0.1223801 0.797314 0
0.01122285 1.167919 0.05116431 1

0.7112916 -0.09696779 -0.6961764 0
-0.3202493 0.8369589 -0.4437794 0
0.6257032 0.5386067 0.564268 0
0.009500915 1.355331 0.03735411 1

-0.3286263 0.7606661 -0.5598142 0
0.4479006 -0.3963217 -0.801445 0
-0.8314984 -0.5141171 -0.210461 0
0.02953235 1.434962 -0.04418699 1

-0.506254 0.1695539 -0.8455518 0
-0.2356743 -0.9703597 -0.0534765 0
-0.8295566 0.1722023 0.5312082 0
0.129817 1.346226 -0.22363 1

-0.5237155 0.125489 -0.8425997 0
-0.8031306 -0.4025651 0.4392294 0
-0.2840829 0.9067491 0.3116136 0
0.05935854 1.056123 -0.2396181 1

0.4086509 -0.8425289 0.3509275 0
-0.8758375 -0.4701611 -0.1088901 0
0.2567354 -0.2628576 -0.93005 0
-0.1423671 0.9550096 -0.1292951 1

-0.250355 0.9113718 -0.3266875 0
0.2567354 -0.2628576 -0.93005 0
-0.9334933 -0.3167147 -0.1681737 0
-0.1737863 0.930249 -0.179355 1

-0.8554587 -0.504449 0.1171383 0
-0.5021804 0.7527838 -0.4255959 0
0.1265116 -0.4229044 -0.8973 0
-0.2455765 0.8769454 -0.2098131 1

-0.9613409 0.1732255 -0.2140481 0
0.2465079 0.8878003 -0.3886448 0
0.1227088 -0.4263848 -0.8961804 0
-0.2731793 0.918323 -0.2332064 1

-0.7746625 -0.6231447 0.1076509 0
-0.5921016 0.6549612 -0.4695125 0
0.222067 -0.4274541 -0.8763387 0
-0.2579091 0.8864391 -0.1678026 1

-0.9267288 0.1870293 -0.3258743 0
0.3042669 0.8824163 -0.3588358 0
0.2204441 -0.4316965 -0.8746675 0
-0.290867 0.9243011 -0.1946646 1

-0.7875735 -0.5984886 0.1467639 0
-0.5765619 0.6316205 -0.5182977 0
0.2174962 -0.492816 -0.8425131 0
-0.2702427 0.9017985 -0.1296271 1

-0.9227197 0.1776317 -0.3421048 0
0.3182514 0.8518099 -0.4160966 0
0.2174962 -0.492816 -0.8425131 0
-0.3014146 0.935947 -0.157649 1

-0.8572104 -0.5146597 -0.01776531 0
-0.3678441 0.6360901 -0.6782922 0
0.3603901 -0.5749044 -0.7345777 0
-0.2795998 0.9160118 -0.09829453 1

-0.9271144 -0.1210217 -0.3547011 0
0.1170794 0.8055359 -0.5808653 0
0.3560219 -0.5800569 -0.7326548 0
-0.297192 0.9480313 -0.1320204 1

0.6837187 -0.4311123 -0.5887879 0
-0.6250073 -0.7624315 -0.1675237 0
-0.3766887 0.4825361 -0.7907369 0
-0.188563 0.9302653 -0.2233585 1

-0.02737081 -0.8347878 -0.5498917 0
-0.9892144 0.1018052 -0.1053114 0
0.1438943 0.5410782 -0.8285705 0
-0.2245914 0.8841207 -0.2343547 1

0.09555538 -0.8146936 -0.5719646 0
-0.8031306 -0.4025651 0.4392294 0
-0.5880902 0.4173917 -0.6927725 0
-0.03271087 1.009974 -0.1892657 1

-0.4773237 0.1635017 -0.8633823 0
-0.2356913 -0.9703566 -0.0534571 0
-0.8465291 0.1779754 0.5017103 0
0.129817 1.346226 -0.22363 1

-0.5558361 0.1797267 -0.8116305 0
-0.2356743 -0.9703597 -0.0534765 0
-0.7971847 0.1615564 0.581718 0
0.0850389 1.161858 -0.2337906 1

-0.1014627 0.1959303 -0.9753546 0
0.5423932 -0.8109881 -0.2193354 0
-0.8339753 -0.5512802 -0.02398619 0
0.1241613 1.36165 -0.3130267 1

0.895277 0.2670603 -0.3565923 0
-0.4426059 0.6244188 -0.6435848 0
0.050787 0.7340165 0.6772301 0
-0.04922586 1.505767 -0.04360141 1

0.9952263 0.08942599 0.03908306 0
-0.07126928 0.9395415 -0.3349369 0
-0.06667227 0.3305526 0.9414296 0
-0.1028867 1.581471 -0.1216285 1

0.9952263 0.08942599 0.03908306 0
-0.07126928 0.9395415 -0.3349369 0
-0.06667227 0.3305526 0.9414296 0
-0.09885531 1.593638 -0.2521262 1

0.9655699 -0.2164093 0.1443669 0
-0.25824 -0.8643801 0.4314623 0
0.03141543 -0.4538884 -0.8905049 0
-0.04782905 1.596871 -0.2255309 1

0.9451053 0.3234226 -0.04662681 0
-0.3108511 0.8458843 -0.4334184 0
-0.1007363 0.4241199 0.8999858 0
-0.1527383 1.585675 -0.2280574 1

0.9952263 0.08942599 0.03908306 0
0.07126928 -0.9395415 0.3349369 0
0.06667224 -0.3305526 -0.9414296 0
-0.06457791 1.615225 -0.2238254 1

0.9952263 0.08942599 0.03908306 0
-0.07126928 0.9395415 -0.3349369 0
-0.06667227 0.3305526 0.9414296 0
-0.1385236 1.60858 -0.2267289 1

0.973137 0.2148875 -0.08263019 0
0.2302065 -0.9129769 0.3368655 0
-0.003051311 -0.3468383 -0.93792 0
-0.08188079 1.607422 -0.2627122 1

0.9799446 0.1992686 -0.0005668104 0
-0.1877847 0.9225112 -0.337209 0
-0.06667227 0.3305526 0.9414296 0
-0.113642 1.605928 -0.2655576 1

0.9741197 0.118301 0.1926025 0
0.09370762 -0.9867883 0.1321666 0
0.2056933 -0.1106977 -0.9723357 0
-0.03474279 1.633302 -0.2477224 1

0.9958754 0.07033254 -0.05732241 0
-0.08084102 0.9746532 -0.2086048 0
0.04119754 0.2123783 0.9763188 0
-0.1691984 1.622061 -0.2544174 1

0.9808193 0.1949169 0.001023084 0
0.1830191 -0.9227308 0.3392226 0
0.06706405 -0.3325289 -0.9407056 0
-0.06458937 1.615428 -0.223998 1

0.99691 -0.01720811 0.07664329 0
0.04418333 0.9295697 -0.3659893 0
-0.06494746 0.3682447 0.9274576 0
-0.1385215 1.60857 -0.2267587 1

0.9859723 0.1557471 0.06001323 0
-0.129088 0.9394845 -0.317341 0
-0.1058066 0.3051424 0.9464106 0
-0.1015753 1.584667 -0.1623343 1

0.9203685 0.3867916 0.05756852 0
0.3696477 -0.9085494 0.1946764 0
0.1276029 -0.1578939 -0.9791768 0
-0.06327131 1.529571 -0.2473385 1

0.9856926 0.1577654 0.05933124 0
-0.1432357 0.9695733 -0.1985228 0
-0.08884609 0.1871841 0.9782987 0
-0.08970201 1.5413 -0.2591159 1

0.9954086 -0.09550891 -0.006300509 0
0.093112 0.9814747 -0.1674449 0
0.02217615 0.1660894 0.9858613 0
-0.1171831 1.523154 -0.2479486 1

0.9942173 -0.0004303688 0.1073857 0
-0.0436756 -0.9151686 0.4006985 0
0.09810361 -0.4030715 -0.9098954 0
-0.04205218 1.540581 -0.2172106 1

0.9575744 0.2838376 -0.04987562 0
-0.2789664 0.8695248 -0.4075593 0
-0.07231259 0.4041819 0.9118158 0
-0.1504117 1.52647 -0.2180632 1

0.9843762 0.1311872 0.1174448 0
0.05337632 -0.8579469 0.5109581 0
0.1677924 -0.4967063 -0.851545 0
-0.06789457 1.552587 -0.2431492 1

0.9926585 0.1173973 0.02910331 0
-0.08640485 0.8566765 -0.5085665 0
-0.08463645 0.5023181 0.8605306 0
-0.0936335 1.551846 -0.2500886 1

0.9897945 0.1270794 -0.06448013 0
-0.1415494 0.8245347 -0.5478197 0
-0.01645055 0.5513561 0.8341079 0
-0.1213905 1.548509 -0.2442456 1

0.9951971 0.08981086 0.03894573 0
0.06231813 -0.8880637 0.4554771 0
0.07549322 -0.4508625 -0.8893951 0
-0.07852715 1.578038 -0.2474769 1

0.9951971 0.08981086 0.03894573 0
-0.06231815 0.8880637 -0.4554771 0
-0.07549319 0.4508624 0.8893952 0
-0.09599563 1.566387 -0.2625878 1

0.9951971 0.08981086 0.03894573 0
-0.06231815 0.8880637 -0.4554771 0
-0.07549319 0.4508624 0.8893952 0
-0.1164308 1.57443 -0.2488947 1

0.9952263 0.08942599 0.03908306 0
-0.07129691 0.9396784 -0.334547 0
-0.06664282 0.3301634 0.9415681 0
-0.1080784 1.666777 -0.1846189 1

0.3974608 -0.8259657 0.3997575 0
0.401527 -0.2351779 -0.885137 0
0.8251067 0.5123207 0.2381734 0
-0.06944733 1.45575 0.01275903 1

0.8322864 -0.4563506 0.3147119 0
0.5542594 0.6950847 -0.4578799 0
-0.009797752 0.5555193 0.8314461 0
-0.1593516 1.508412 0.2109343 1

0.8708368 -0.3956755 0.2916923 0
-0.01475927 0.5720731 0.82007 0
-0.4913508 -0.7184524 0.4923424 0
-0.3250558 1.300603 0.3478263 1

0.9996768 -0.01546261 0.02018094 0
-0.001497984 0.7565859 0.653893 0
-0.02537963 -0.6537117 0.756318 0
-0.3213497 1.156913 0.1418464 1

-0.9842294 -0.116152 -0.1334216 0
-0.02537963 -0.6537117 0.756318 0
-0.1750673 0.7477766 0.6404544 0
-0.2695162 1.090002 0.03586749 1

0.9776261 0.1386112 0.1582224 0
-0.2098824 0.6929388 0.689772 0
-0.0140284 -0.7075471 0.7065269 0
-0.3147371 1.099094 0.000982739 1

0.5241898 0.6000533 0.6042857 0
-0.8505375 0.3334346 0.4067026 0
0.04255345 -0.7271572 0.6851509 0
-0.3032003 1.061005 -0.03693129 1

0.1621011 0.7913729 0.5894508 0
-0.9851043 0.09504334 0.143306 0
0.05738512 -0.6039004 0.7949915 0
-0.317574 1.068543 0.03362807 1

-0.9688683 0.1566068 0.1917524 0
-0.240044 -0.783824 -0.5727119 0
0.06060946 -0.6009114 0.7970145 0
-0.2613443 1.06391 0.02600334 1

0.002209634 0.7655115 0.6434186 0
-0.9942858 -0.06699032 0.08311689 0
0.1067298 -0.6399257 0.760989 0
-0.3140755 1.040988 0.06639931 1

-0.9532317 0.159563 0.2566896 0
-0.2705228 -0.8291729 -0.4891728 0
0.1347861 -0.5357355 0.8335592 0
-0.2603194 1.04461 0.06190509 1

0.04303357 0.7667319 0.6405237 0
-0.9698277 -0.1219285 0.211111 0
0.2399636 -0.6302825 0.7383506 0
-0.3101724 1.019288 0.09441962 1

-0.9483284 0.06309118 0.3109548 0
-0.1797571 -0.9144124 -0.3626813 0
0.2614588 -0.3998371 0.8785042 0
-0.26193 1.02598 0.08441726 1

0.1997378 -0.9798468 0.002337664 0
-0.9288191 -0.1885751 0.3189589 0
-0.3120898 -0.0658794 -0.9477655 0
-0.2947312 1.16344 0.04478633 1

-0.9416529 -0.3231493 -0.09415275 0
-0.3292644 0.8263679 0.4568388 0
-0.06982231 0.4611848 -0.8845526 0
-0.2457577 1.174314 0.0251921 1

0.965929 -0.2037834 0.1595417 0
-0.01475927 0.5720731 0.82007 0
-0.2583862 -0.7944843 0.5495743 0
-0.3233626 1.235018 0.2538129 1

0.8081424 -0.5810949 0.0960983 0
0.5542528 0.6950913 -0.4578776 0
0.1992732 0.4232931 0.8838061 0
-0.1593517 1.508412 0.2109343 1

0.8313468 -0.4892247 0.2636699 0
0.5542594 0.6950847 -0.4578799 0
0.04073322 0.5267985 0.8490137 0
-0.2646592 1.376345 0.297932 1

0.7098243 -0.6597372 -0.2467723 0
0.03994042 0.3874749 -0.9210148 0
0.7032455 0.6439024 0.3013891 0
-0.2187513 1.565316 0.2334079 1

0.9951993 -0.09786879 -2.980232E-08 0
0.09786879 0.9951994 -1.117587E-08 0
2.980232E-08 6.984919E-09 1 0
-0.150452 0.9045892 0.1193795 1

1 0 0 0
0 1 0 0
0 0 1 0
0 0 0 1

1 0 0 0
0 1 0 0
0 0 1 0
0 0 0 1

0.7712377 -0.00122278 -0.6365461 0
-0.02165935 0.9993687 -0.02816216 0
0.6361787 0.0355069 0.7707243 0
0.00382082 0.8590308 0.07048204 1

0.9404639 0.1677628 0.2956065 0
0.2795182 -0.8765557 -0.391816 0
0.1933834 0.4511162 -0.8712617 0
0.1032793 0.8276216 -0.01714672 1

0.9404639 0.1677628 0.2956065 0
0.1230372 -0.9787534 0.1640233 0
0.316843 -0.1178874 -0.9411234 0
0.2263663 0.4416266 -0.1896845 1

0.9912734 0.06139937 -0.1166498 0
0.05979567 -0.9980624 -0.01720129 0
-0.1174799 0.01007607 -0.9930241 0
0.2656105 0.1294417 -0.1373674 1

0.9911259 0.0612116 -0.1179935 0
0.06426083 -0.997686 0.0222101 0
-0.1163609 -0.02959538 -0.9927659 0
0.2557436 0.02683407 -0.275223 1

0.5971088 -0.2084045 -0.7746152 0
0.3174485 0.9482184 -0.01040743 0
0.7366734 -0.239686 0.6323472 0
-0.101136 0.8279453 0.1515687 1

0.5971059 -0.208413 -0.7746152 0
-0.2328422 0.8790514 -0.4159966 0
0.7676256 0.4287571 0.4763594 0
-0.2409255 0.410394 0.1561517 1

0.444286 -0.1031974 -0.8899215 0
0.05981005 0.994544 -0.08547004 0
0.8938863 -0.01525314 0.4480343 0
-0.1666579 0.1300097 0.2888391 1

0.4352663 -0.1033986 -0.8943444 0
-0.03800266 0.9903874 -0.132998 0
0.8994994 0.09187695 0.4271528 0
-0.2953689 0.02847809 0.2363545 1

0.7803069 -0.003326464 -0.6253881 0
-0.003888269 0.9999407 -0.01017018 0
0.6253848 0.01036754 0.7802477 0
0.002818517 0.9954592 0.06900558 1

0.8053371 -0.02612086 -0.5922414 0
-0.04508453 0.9934368 -0.1051221 0
0.5911003 0.1113597 0.7988739 0
0.002147678 1.167978 0.06725092 1

0.7107826 -0.08502188 -0.6982546 0
-0.3211296 0.8439624 -0.4296551 0
0.6258305 0.5296215 0.5725706 0
0.00013629 1.355573 0.05624192 1

-0.3295535 0.7713535 -0.5444342 0
0.4472616 -0.3802907 -0.8095285 0
-0.8314757 -0.5102873 -0.2196707 0
0.02005183 1.436551 -0.0239907 1

-0.4919887 0.1826704 -0.8512219 0
-0.2016816 -0.9750568 -0.0926774 0
-0.8469192 0.1260797 0.5165579 0
0.1201934 1.351404 -0.2052436 1

-0.5093915 0.1339676 -0.8500431 0
-0.8226731 -0.3655967 0.4353714 0
-0.2524473 0.9210822 0.2964435 0
0.05989752 1.059897 -0.2329513 1

0.4069441 -0.8546486 0.3224483 0
-0.8739131 -0.4669993 -0.1348635 0
0.2658439 -0.2269101 -0.9369309 0
-0.1467366 0.9680687 -0.1235973 1

-0.2490083 0.9227583 -0.2941307 0
0.2658439 -0.2269101 -0.9369309 0
-0.9313016 -0.3114963 -0.1888071 0
-0.1776439 0.9451826 -0.1748537 1

-0.8555689 -0.5098277 0.08987862 0
-0.4996096 0.7676673 -0.4013451 0
0.13562 -0.3882828 -0.9115067 0
-0.2490489 0.8929678 -0.2079856 1

-0.9596343 0.1797917 -0.2162815 0
0.2484513 0.9023091 -0.352294 0
0.1318132 -0.3918089 -0.9105557 0
-0.2765106 0.9351633 -0.230046 1

-0.7744674 -0.6279547 0.07664135 0
-0.5889372 0.6714503 -0.4497869 0
0.230985 -0.3934822 -0.8898416 0
-0.2617887 0.9008382 -0.1657617 1

-0.9240115 0.1978903 -0.3271739 0
0.3059412 0.8958825 -0.3221729 0
0.2293545 -0.3977875 -0.888348 0
-0.2945662 0.9396448 -0.1914717 1

-0.7877864 -0.6048232 0.1165409 0
-0.5729021 0.650005 -0.4992769 0
0.2262221 -0.46009 -0.8585693 0
-0.2745045 0.9147161 -0.1271468 1

-0.9198346 0.189123 -0.3437119 0
0.3205132 0.8674966 -0.3804227 0
0.2262221 -0.46009 -0.8585693 0
-0.3054785 0.9498587 -0.1541403 1

-0.8560495 -0.5149031 -0.04532611 0
-0.3627172 0.6608707 -0.6570285 0
0.3682607 -0.5460086 -0.752502 0
-0.2841784 0.9277134 -0.09538528 1

-0.923556 -0.1088418 -0.3676927 0
0.1209655 0.8272194 -0.5487039 0
0.3638844 -0.5512372 -0.7508172 0
-0.3015165 0.9609659 -0.1280326 1

0.6899544 -0.4073778 -0.5983366 0
-0.6220061 -0.7564499 -0.2022191 0
-0.370232 0.5116908 -0.7753071 0
-0.1920116 0.9468501 -0.218961 1

-0.02071303 -0.8133116 -0.5814601 0
-0.9883826 0.1042457 -0.1106039 0
0.15057 0.572414 -0.8060219 0
-0.2278504 0.9011028 -0.2320395 1

0.06139493 -0.8184582 -0.571277 0
-0.8226731 -0.3655967 0.4353714 0
-0.5651903 0.4432447 -0.6957689 0
-0.03441218 1.017986 -0.1830412 1

-0.4609809 0.1779737 -0.8693805 0
-0.2016988 -0.9750552 -0.0926579 0
-0.8641844 0.1326396 0.4853786 0
0.1201935 1.351404 -0.2052436 1

-0.5423733 0.1899702 -0.8183782 0
-0.2016816 -0.9750568 -0.0926774 0
-0.8155712 0.1147862 0.5671582 0
0.08187394 1.166143 -0.2228523 1

-0.1025546 0.2149965 -0.9712154 0
0.5425439 -0.8062623 -0.2357705 0
-0.833744 -0.5511063 -0.03395927 0
0.1144709 1.36854 -0.2944939 1

0.8944356 0.2710696 -0.3556772 0
-0.4439416 0.6340092 -0.6332047 0
0.05386001 0.7242607 0.6874195 0
-0.05874967 1.507287 -0.02217374 1

0.994601 0.09719653 0.03635672 0
-0.0798687 0.9406583 -0.3298229 0
-0.06625688 0.3251384 0.9433426 0
-0.1125724 1.584153 -0.09894245 1

0.994601 0.09719653 0.03635672 0
-0.0798687 0.9406583 -0.3298229 0
-0.06625688 0.3251384 0.9433426 0
-0.1090622 1.597026 -0.2293875 1

0.9677336 -0.2094067 0.1401455 0
-0.2499161 -0.8686401 0.4277931 0
0.03215313 -0.4490144 -0.8929463 0
-0.0579774 1.600531 -0.2029394 1

0.9423319 0.3312236 -0.04797572 0
-0.3190121 0.8455939 -0.428021 0
-0.1012026 0.4186426 0.9024946 0
-0.1628015 1.588508 -0.2051878 1

0.994601 0.09719651 0.03635663 0
0.0798687 -0.9406583 0.3298229 0
0.06625679 -0.3251384 -0.9433427 0
-0.07486689 1.618741 -0.2010849 1

0.994601 0.09719653 0.03635672 0
-0.0798687 0.9406583 -0.3298229 0
-0.06625688 0.3251384 0.9433426 0
-0.1487661 1.611518 -0.2037859 1

0.9711139 0.2231042 -0.08463192 0
0.2385938 -0.9128311 0.33138 0
-0.003322333 -0.3420004 -0.939694 0
-0.09223297 1.611001 -0.239956 1

0.9783127 0.2071165 -0.00267306 0
-0.1962509 0.9227068 -0.3318098 0
-0.06625688 0.3251384 0.9433426 0
-0.1239903 1.609267 -0.2427074 1

0.9737626 0.1251078 0.1900909 0
0.1020257 -0.9866753 0.126739 0
0.2034139 -0.1040196 -0.9735517 0
-0.04525501 1.637179 -0.2249832 1

0.9950896 0.07860735 -0.06014815 0
-0.08931066 0.9750388 -0.2032801 0
0.04266745 0.2076538 0.9772714 0
-0.1796374 1.624896 -0.2313055 1

0.9792272 0.2027638 -0.001108646 0
0.1914938 -0.9229749 0.3338376 0
0.06666705 -0.3271151 -0.94263 0
-0.07488047 1.618944 -0.2012564 1

0.9972594 -0.009613337 0.07335716 0
0.03555858 0.9317728 -0.3612965 0
-0.06487906 0.3629149 0.929561 0
-0.148764 1.611508 -0.2038157 1

0.9848847 0.1633323 0.0576607 0
-0.1376277 0.9400469 -0.3120423 0
-0.1051703 0.29939 0.9483169 0
-0.1114189 1.58757 -0.1396351 1

0.9174274 0.3938532 0.05662605 0
0.3775327 -0.9065514 0.1887695 0
0.125682 -0.1518041 -0.9803875 0
-0.07295156 1.533222 -0.2250466 1

0.9845867 0.1653518 0.05699006 0
-0.1516298 0.969407 -0.1930248 0
-0.0871636 0.1814082 0.9795375 0
-0.09951334 1.544801 -0.2366781 1

0.9961151 -0.08749394 -0.009986937 0
0.08471507 0.9830414 -0.1626431 0
0.02404788 0.1611653 0.9866345 0
-0.1268121 1.526377 -0.2255172 1

0.9945325 0.006983235 0.1041947 0
-0.03505354 -0.9175475 0.3960782 0
0.09836948 -0.397565 -0.9122861 0
-0.05172347 1.544247 -0.19493 1

0.9551067 0.2917571 -0.05146986 0
-0.2872338 0.8693555 -0.4021418 0
-0.07258213 0.3988722 0.9141296 0
-0.159969 1.529272 -0.1955087 1

0.9836718 0.138464 0.1149685 0
0.06189524 -0.8601205 0.5063219 0
0.1689942 -0.4909385 -0.8546464 0
-0.07774518 1.556179 -0.220723 1

0.9917772 0.1251976 0.02653059 0
-0.0949046 0.858573 -0.5038311 0
-0.085857 0.4971702 0.8633947 0
-0.1034998 1.555268 -0.2275836 1

0.9885321 0.1353398 -0.0669916 0
-0.1499175 0.8261936 -0.5430737 0
-0.01815158 0.5468889 0.8370085 0
-0.13121 1.551678 -0.2216691 1

0.9945682 0.09758186 0.03622159 0
0.07089745 -0.8898774 0.4506569 0
0.07620874 -0.4456411 -0.8919621 0
-0.08859495 1.581566 -0.2248844 1

0.9945682 0.09758186 0.03622159 0
-0.07089749 0.8898777 -0.4506569 0
-0.07620865 0.445641 0.8919621 0
-0.1060187 1.569853 -0.2399995 1

0.9945682 0.09758186 0.03622159 0
-0.07089749 0.8898777 -0.4506569 0
-0.07620865 0.445641 0.8919621 0
-0.1264729 1.577662 -0.2261994 1

0.994601 0.09719653 0.03635672 0
-0.07989607 0.9407928 -0.3294322 0
-0.06622386 0.3247488 0.943479 0
-0.1186508 1.669739 -0.161472 1

0.3950363 -0.832938 0.3875059 0
0.401872 -0.2226296 -0.8882203 0
0.8261025 0.506607 0.2467874 0
-0.07889414 1.456333 0.03337026 1

0.8314172 -0.4628398 0.3074494 0
0.5555027 0.7050561 -0.4408093 0
-0.01274517 0.5372854 0.8433043 0
-0.1688756 1.506187 0.232236 1

0.8700204 -0.4016661 0.2858832 0
-0.02500555 0.543169 0.8392513 0
-0.4923816 -0.737314 0.4625242 0
-0.3349516 1.295396 0.3640245 1

0.9994559 -0.0134603 0.03011334 0
-0.01069739 0.7313327 0.6819372 0
-0.03120217 -0.6818882 0.7307908 0
-0.3286718 1.158966 0.1532267 1

-0.9824147 -0.1137387 -0.1480731 0
-0.03120217 -0.6818882 0.7307908 0
-0.1840886 0.7225596 0.666348 0
-0.275526 1.09625 0.04534937 1

0.9754823 0.1352266 0.173633 0
-0.2192429 0.6658018 0.7131909 0
-0.01916298 -0.7337726 0.6791252 0
-0.3204092 1.106529 0.01035815 1

0.5159696 0.5782348 0.6319969 0
-0.855777 0.3154862 0.4100176 0
0.03770033 -0.752405 0.6576212 0
-0.308358 1.069932 -0.02884319 1

0.1534542 0.7689804 0.6205814 0
-0.9868391 0.08684722 0.1364059 0
0.05099764 -0.633346 0.7721868 0
-0.3234899 1.074759 0.0417951 1

-0.9713029 0.1465807 0.1873102 0
-0.2315907 -0.762284 -0.6043916 0
0.05419129 -0.6304265 0.7743554 0
-0.2671695 1.070572 0.03459376 1

-0.006908834 0.740658 0.6718472 0
-0.9948823 -0.07282141 0.07004923 0
0.1008072 -0.6679247 0.7373703 0
-0.3202464 1.045995 0.07353783 1

-0.9563536 0.1471243 0.2524739 0
-0.2627957 -0.8108405 -0.5229499 0
0.1277771 -0.5664738 0.8141136 0
-0.2664581 1.049932 0.06975011 1

0.03393885 0.7420992 0.6694305 0
-0.9715867 -0.1324888 0.1961287 0
0.2342388 -0.6570661 0.7165171 0
-0.3165672 1.023263 0.1007585 1

-0.9517124 0.04868506 0.3031071 0
-0.1730853 -0.9005481 -0.3988172 0
0.2535459 -0.4320225 0.8654892 0
-0.2682445 1.030461 0.09152474 1

0.2027886 -0.9786816 -0.03255098 0
-0.9314949 -0.2030494 0.3018097 0
-0.3019846 -0.03088259 -0.9528126 0
-0.3010638 1.169229 0.05676807 1

-0.9395978 -0.3219539 -0.1162001 0
-0.3366103 0.807607 0.484216 0
-0.06205103 0.4940822 -0.8671981 0
-0.2519231 1.18097 0.03811529 1

0.9650518 -0.2059518 0.162047 0
-0.02500555 0.543169 0.8392513 0
-0.2608642 -0.8139728 0.5190362 0
-0.3320837 1.233124 0.2678121 1

0.8087062 -0.5814196 0.08913982 0
0.555493 0.7050617 -0.4408126 0
0.1934479 0.4060044 0.8931623 0
-0.1688757 1.506187 0.232236 1

0.8307177 -0.4937759 0.2570869 0
0.5555027 0.7050561 -0.4408093 0
0.03640005 0.5090005 0.8599963 0
-0.2744195 1.372225 0.3159902 1

0.7084735 -0.657631 -0.2560998 0
0.04183775 0.4013812 -0.9149552 0
0.7044964 0.6375067 0.3118817 0
-0.228276 1.562955 0.2556377 1

0.996039 -0.08891741 -8.273125E-05 0
0.0889174 0.9960389 -0.0001504123 0
9.572506E-05 0.0001424649 1 0
-0.1591483 0.9035097 0.1321646 1

1 0 0 0
0 1 0 0
0 0 1 0
0 0 0 1

1 0 0 0
0 1 0 0
0 0 1 0
0 0 0 1

0.7715489 0.007262722 -0.6361286 0
-0.02544913 0.9994868 -0.01945559 0
0.6356608 0.03119986 0.7713377 0
-0.009365713 0.8590334 0.1007635 1

0.9377089 0.175694 0.299723 0
0.290634 -0.8693706 -0.3996589 0
0.1903524 0.4618734 -0.8662791 0
0.09025457 0.8287682 0.01291625 1

0.9377089 0.175694 0.299723 0
0.1476307 -0.9824482 0.1140243 0
0.3144954 -0.0626734 -0.947188 0
0.2182365 0.4459372 -0.1630753 1

0.9916689 0.05580848 -0.1160956 0
0.05094564 -0.9977124 -0.04444337 0
-0.1183105 0.03815855 -0.9922435 0
0.265325 0.1325738 -0.1267059 1

0.9915431 0.05532288 -0.1173956 0
0.05512844 -0.9984675 -0.004906232 0
-0.1174873 -0.001607126 -0.9930734 0
0.2544222 0.03385037 -0.2672929 1

0.6258445 -0.1713492 -0.7608929 0
0.3122526 0.9490201 0.0431174 0
0.7147146 -0.2645755 0.6474433 0
-0.1142432 0.8268428 0.181521 1

0.6258414 -0.1713584 -0.7608934 0
-0.2614864 0.8730079 -0.4116822 0
0.7348111 0.4566111 0.5015567 0
-0.2517447 0.4089385 0.1625341 1

0.4442176 -0.105403 -0.8896971 0
0.06062179 0.9943157 -0.08752936 0
0.8938656 -0.01505294 0.4480824 0
-0.1683407 0.130482 0.2938454 1

0.435196 -0.1055871 -0.894123 0
-0.03719073 0.9901435 -0.135028 0
0.8995674 0.09201672 0.4269797 0
-0.2971334 0.02894664 0.2415688 1

0.7803702 0.005626331 -0.6252925 0
-0.006164691 0.9999801 0.001304153 0
0.6252875 0.002837011 0.7803894 0
-0.01088655 0.9954646 0.1004766 1

0.8049968 -0.01619731 -0.593058 0
-0.04786853 0.9945949 -0.09213901 0
0.5913449 0.1025604 0.7998704 0
-0.01195014 1.16799 0.1007016 1

0.7098017 -0.07363027 -0.7005426 0
-0.3228347 0.8499188 -0.4164321 0
0.6260664 0.5217438 0.5795035 0
-0.01448117 1.355707 0.09213924 1

-0.3312917 0.7806267 -0.5299699 0
0.4459972 -0.3654154 -0.8170425 0
-0.8314643 -0.5070446 -0.2270983 0
0.005210089 1.437906 0.01310199 1

-0.4738441 0.1972889 -0.8582244 0
-0.1750481 -0.9762344 -0.1277693 0
-0.8630356 0.08968796 0.4971176 0
0.1050686 1.356089 -0.1698333 1

-0.4912969 0.1444893 -0.8589242 0
-0.8433303 -0.3254694 0.4276261 0
-0.2177661 0.9344479 0.2817542 0
0.05273514 1.06423 -0.2080323 1

0.404115 -0.8674382 0.2902461 0
-0.8743023 -0.4595701 -0.1561779 0
0.2688629 -0.1906493 -0.9441218 0
-0.1590875 0.9824809 -0.1006237 1

-0.2461546 0.9340635 -0.2587167 0
0.2688629 -0.1906493 -0.9441218 0
-0.9311936 -0.301959 -0.2042061 0
-0.1898492 0.96168 -0.1528471 1

-0.856869 -0.5111906 0.06678209 0
-0.4966551 0.783799 -0.3728183 0
0.1382373 -0.3526244 -0.9254983 0
-0.2612315 0.9109476 -0.1882533 1

-0.9584841 0.1900847 -0.2125486 0
0.251476 0.9148806 -0.3158385 0
0.1344203 -0.3561771 -0.9246997 0
-0.2885307 0.95403 -0.2087458 1

-0.7759457 -0.6288764 0.04922831 0
-0.5859876 0.6897336 -0.4253081 0
0.2335115 -0.3588633 -0.9037091 0
-0.2741118 0.9171872 -0.1458001 1

-0.9224179 0.2124322 -0.322519 0
0.3088421 0.9071629 -0.2857844 0
0.2318673 -0.3632203 -0.902391 0
-0.3067199 0.9570368 -0.1700911 1

-0.7893678 -0.6072955 0.08995357 0
-0.569811 0.6702069 -0.4755405 0
0.228506 -0.4266329 -0.875083 0
-0.2869433 0.9295708 -0.1067183 1

-0.9181969 0.2043095 -0.3393719 0
0.3235746 0.8810467 -0.3450467 0
0.228506 -0.4266329 -0.875083 0
-0.3177502 0.9658055 -0.1324284 1

-0.856861 -0.5109748 -0.06851855 0
-0.3590254 0.6867999 -0.6319867 0
0.3699875 -0.516925 -0.7719445 0
-0.2967095 0.9413362 -0.07450797 1

-0.9224006 -0.09248156 -0.3750003 0
0.1245719 0.8477903 -0.5154937 0
0.3655951 -0.5222064 -0.7704812 0
-0.3138633 0.9758753 -0.1058921 1

0.6913756 -0.3850901 -0.6113151 0
-0.6227031 -0.7466834 -0.2338917 0
-0.3663896 0.5423746 -0.7560351 0
-0.2040511 0.9651003 -0.1969072 1

-0.02012542 -0.7899105 -0.6128926 0
-0.9877666 0.110524 -0.1100106 0
0.1546376 0.6031805 -0.7824711 0
-0.2399289 0.9199733 -0.211894 1

0.02514538 -0.8187649 -0.5735782 0
-0.8433303 -0.3254694 0.4276261 0
-0.5368076 0.472963 -0.698673 0
-0.04394265 1.026919 -0.1590101 1

-0.451683 0.1949289 -0.8706236 0
-0.1750657 -0.9762338 -0.12775 0
-0.8748342 0.09471393 0.4750732 0
0.1050686 1.356089 -0.1698333 1

-0.531067 0.2028973 -0.822679 0
-0.1750481 -0.9762344 -0.1277693 0
-0.8290517 0.07615447 0.5539624 0
0.07180943 1.170605 -0.1941095 1

-0.1046513 0.2321605 -0.9670314 0
0.5427769 -0.8014482 -0.2511469 0
-0.8333318 -0.5511651 -0.0421389 0
0.09917859 1.374782 -0.2588824 1

0.8931105 0.275194 -0.3558399 0
-0.4462208 0.6420881 -0.623386 0
0.0569286 0.7155357 0.6962529 0
-0.07367549 1.508507 0.01610248 1

0.9936182 0.1072455 0.03494594 0
-0.09000016 0.9405566 -0.3274952 0
-0.06799078 0.3222601 0.9442065 0
-0.1277746 1.586353 -0.05947582 1

0.9936182 0.1072455 0.03494594 0
-0.09000016 0.9405566 -0.3274952 0
-0.06799078 0.3222601 0.9442065 0
-0.1246136 1.599563 -0.189896 1

0.9700497 -0.1998553 0.138063 0
-0.2403371 -0.872131 0.426176 0
0.03523543 -0.4465936 -0.8940432 0
-0.07352303 1.603528 -0.163524 1

0.9388264 0.3409222 -0.0487541 0
-0.3283263 0.8432876 -0.425521 0
-0.1039557 0.4154976 0.9036343 0
-0.1782227 1.590442 -0.1656278 1

0.9936182 0.1072454 0.03494588 0
0.09000016 -0.9405566 0.3274952 0
0.06799072 -0.3222601 -0.9442064 0
-0.09059407 1.62156 -0.1615992 1

0.9936182 0.1072455 0.03494594 0
-0.09000016 0.9405566 -0.3274952 0
-0.06799078 0.3222601 0.9442065 0
-0.1644203 1.613591 -0.1641954 1

0.9686473 0.233187 -0.08570981 0
0.2484359 -0.9111165 0.328856 0
-0.00140667 -0.3398388 -0.9404827 0
-0.1079452 1.613733 -0.2004596 1

0.9761456 0.2170838 -0.003800392 0
-0.2061967 0.9214245 -0.3293325 0
-0.06799078 0.3222601 0.9442065 0
-0.1396879 1.611682 -0.2031628 1

0.9727534 0.1345867 0.1887787 0
0.1122857 -0.9858751 0.1242684 0
0.2028371 -0.09968535 -0.9741256 0
-0.06121156 1.640355 -0.1855032 1

0.994135 0.08888578 -0.06160274 0
-0.09958065 0.9745461 -0.2008572 0
0.04218143 0.2058136 0.9776819 0
-0.1954723 1.626717 -0.1916329 1

0.9771068 0.212737 -0.002247602 0
0.201446 -0.9217457 0.3313676 0
0.06842226 -0.3242342 -0.9434993 0
-0.09061001 1.621764 -0.1617702 1

0.9974267 0.0003828229 0.0716925 0
0.02545881 0.9329212 -0.3591796 0
-0.06702092 0.3600805 0.9305109 0
-0.1644181 1.613581 -0.1642252 1

0.9832641 0.1732292 0.05641991 0
-0.1477202 0.9393156 -0.3096211 0
-0.1066315 0.2961049 0.9491847 0
-0.1267238 1.589875 -0.1001622 1

0.91346 0.4030523 0.05603448 0
0.3870652 -0.9030908 0.1860319 0
0.1255846 -0.1482437 -0.9809446 0
-0.08784746 1.536121 -0.1857635 1

0.9829445 0.1752471 0.05575463 0
-0.1618219 0.9682556 -0.1905124 0
-0.08737141 0.1782409 0.9801003 0
-0.1145452 1.547455 -0.1973242 1

0.9969368 -0.07731216 -0.0118311 0
0.07442203 0.9842281 -0.1604882 0
0.02405223 0.1591162 0.9869668 0
-0.1416361 1.528728 -0.1861614 1

0.9945823 0.01687923 0.1025732 0
-0.02504063 -0.9187723 0.3939933 0
0.1008916 -0.3944274 -0.913372 0
-0.06668252 1.547292 -0.1556563 1

0.9519969 0.3015963 -0.05236149 0
-0.2967484 0.8673114 -0.3996388 0
-0.07511583 0.3959931 0.915176 0
-0.1747707 1.531216 -0.1560917 1

0.9824004 0.1482171 0.1136718 0
0.07150187 -0.8606155 0.5042111 0
0.1725602 -0.4872094 -0.8560666 0
-0.09286754 1.559018 -0.1813785 1

0.9904928 0.1352389 0.02518988 0
-0.1044896 0.8587256 -0.5016695 0
-0.08947635 0.494268 0.8646926 0
-0.1186229 1.55786 -0.1881988 1

0.9869883 0.1455642 -0.06830299 0
-0.159235 0.8258781 -0.540897 0
-0.02232522 0.5447353 0.838311 0
-0.1462852 1.553974 -0.182247 1

0.9935813 0.1076308 0.03481171 0
0.08071387 -0.8901501 0.448462 0
0.07925585 -0.4427737 -0.8931237 0
-0.1039824 1.584302 -0.1854627 1

0.9935813 0.1076308 0.03481171 0
-0.08071385 0.89015 -0.4484619 0
-0.07925582 0.4427737 0.8931237 0
-0.121311 1.572448 -0.2005764 1

0.9935813 0.1076308 0.03481171 0
-0.08071385 0.89015 -0.4484619 0
-0.07925582 0.4427737 0.8931237 0
-0.1418207 1.580015 -0.1867245 1

0.9936182 0.1072455 0.03494594 0
-0.09002835 0.9406902 -0.3271042 0
-0.06795356 0.3218706 0.9443419 0
-0.1348291 1.672017 -0.1217954 1

0.3935541 -0.839071 0.3755998 0
0.4011106 -0.2108987 -0.8914213 0
0.8271792 0.5014795 0.2535602 0
-0.09367097 1.4567 0.07090543 1

0.8306782 -0.4708129 0.2971684 0
0.5566541 0.7123863 -0.4273667 0
-0.01048902 0.5204241 0.8538436 0
-0.183482 1.503927 0.270488 1

0.8694009 -0.4093128 0.2767767 0
-0.03107065 0.5137584 0.8573722 0
-0.4931298 -0.7539998 0.4339444 0
-0.3499021 1.290945 0.3982574 1

0.9992683 -0.01363824 0.03573629 0
-0.01572296 0.7052417 0.7087928 0
-0.03486931 -0.708836 0.7045111 0
-0.342099 1.161902 0.1829082 1

-0.981357 -0.1090329 -0.158274 0
-0.03486931 -0.708836 0.7045111 0
-0.1890051 0.6968957 0.6918192 0
-0.2882212 1.103325 0.07308477 1

0.9742435 0.1295408 0.1845784 0
-0.2243788 0.6383884 0.7362842 0
-0.02245376 -0.7587355 0.6510121 0
-0.3329017 1.114866 0.03822797 1

0.5114185 0.55462 0.6563902 0
-0.8586365 0.2990859 0.4162823 0
0.03456154 -0.7764951 0.6291751 0
-0.3205682 1.079776 -0.002242722 1

0.1487564 0.7453177 0.6499025 0
-0.9877557 0.08074226 0.1334914 0
0.04701886 -0.6618022 0.7482026 0
-0.3361373 1.081936 0.06843246 1

-0.9726007 0.13854 0.1866935 0
-0.2269982 -0.7393067 -0.6339542 0
0.05019566 -0.6589633 0.7504985 0
-0.2797691 1.078076 0.06142585 1

-0.0118838 0.7149422 0.699083 0
-0.9952056 -0.0763337 0.06114793 0
0.09708095 -0.6950045 0.7124215 0
-0.3330542 1.052006 0.09909398 1

-0.9580505 0.1366543 0.2519226 0
-0.2586434 -0.7909118 -0.5545833 0
0.1234622 -0.5964767 0.7930781 0
-0.2792484 1.056133 0.09578756 1

0.02897638 0.7165115 0.6969734 0
-0.9726114 -0.1406641 0.1850431 0
0.2306246 -0.6832461 0.6928113 0
-0.3295149 1.028273 0.1254656 1

-0.9536036 0.03639035 0.2988578 0
-0.1695884 -0.8851253 -0.4333507 0
0.2487569 -0.4639276 0.8502303 0
-0.281145 1.035857 0.1168056 1

0.2041308 -0.9765817 -0.06796513 0
-0.9330835 -0.2150992 0.2882497 0
-0.2961184 0.004576499 -0.9551404 0
-0.3139139 1.1758 0.08707366 1

-0.9384916 -0.3182561 -0.1339655 0
-0.3405102 0.7885679 0.5120682 0
-0.05732799 0.5261881 -0.8484335 0
-0.2646739 1.188279 0.06917687 1

0.9642406 -0.2104728 0.161064 0
-0.03107065 0.5137584 0.8573722 0
-0.2632015 -0.8317173 0.4888471 0
-0.3463389 1.232045 0.2999676 1

0.8088197 -0.5821622 0.08305573 0
0.5566421 0.7123915 -0.4273735 0
0.1896325 0.3919004 0.900252 0
-0.183482 1.503927 0.270488 1

0.829969 -0.4991225 0.2490546 0
0.5566541 0.7123863 -0.4273667 0
0.03588527 0.4933383 0.8690971 0
-0.2892446 1.368572 0.3516881 1

0.7070958 -0.6553409 -0.265601 0
0.04228386 0.414125 -0.9092373 0
0.7058524 0.6316873 0.3205364 0
-0.2428228 1.56051 0.2947728 1

0.997166 -0.07523187 -0.0001914501 0
0.07523177 0.9971659 -0.0005034134 0
0.0002288222 0.0004875874 0.9999999 0
-0.1725331 0.9023526 0.1627463 1

1 0 0 0
0 1 0 0
0 0 1 0
0 0 0 1

1 0 0 0
0 1 0 0
0 0 1 0
0 0 0 1

0.7719049 0.01530694 -0.6355537 0
-0.02989448 0.9994782 -0.01223618 0
0.6350347 0.02844471 0.7719598 0
-0.02343267 0.8590387 0.138678 1

0.9358194 0.187647 0.2983802 0
0.30255 -0.8619464 -0.4068313 0
0.180847 0.4709955 -0.8633988 0
0.07637632 0.8298546 0.05067916 1

0.9358194 0.187647 0.2983802 0
0.16945 -0.9817812 0.08597672 0
0.3090774 -0.02989811 -0.9505668 0
0.2096055 0.4502929 -0.1284707 1

0.9927318 0.04453281 -0.1118058 0
0.03669939 -0.9967888 -0.07116915 0
-0.1146161 0.06654867 -0.9911783 0
0.2636535 0.1371422 -0.1010474 1

0.992631 0.04359562 -0.1130622 0
0.04027837 -0.9986929 -0.03146116 0
-0.114286 0.02667539 -0.9930896 0
0.2517726 0.04240507 -0.2442731 1

0.6634582 -0.1228657 -0.7380564 0
0.3007405 0.9470249 0.1126904 0
0.6851119 -0.2967288 0.6652621 0
-0.1282158 0.8257971 0.2191315 1

0.6634551 -0.1228755 -0.7380576 0
-0.2820756 0.8725631 -0.3988321 0
0.6930085 0.4727952 0.5442463 0
-0.260648 0.4087714 0.1695079 1

0.443841 -0.1074862 -0.8896358 0
0.0628268 0.9940698 -0.08875947 0
0.8939005 -0.01649784 0.4479619 0
-0.1706768 0.1304567 0.2967204 1

0.4348155 -0.1076281 -0.8940647 0
-0.03499855 0.9900623 -0.1362054 0
0.8998392 0.09051522 0.4267276 0
-0.299704 0.029145 0.2445885 1

0.7804262 0.01419265 -0.6250868 0
-0.00944038 0.9998958 0.01091632 0
0.6251767 -0.00261833 0.780479 0
-0.0255618 0.9954603 0.1393777 1

0.8044704 -0.006719408 -0.5939548 0
-0.05149724 0.995382 -0.08101018 0
0.5917563 0.09575731 0.8004094 0
-0.02719054 1.167971 0.1412611 1

0.7084178 -0.06304275 -0.7029721 0
-0.3251135 0.8548938 -0.4042992 0
0.6264547 0.5149584 0.585126 0
-0.03039787 1.355761 0.1347925 1

-0.3335506 0.7885466 -0.5166606 0
0.4442156 -0.3519273 -0.8239052 0
-0.8315147 -0.5043228 -0.2328992 0
-0.01101027 1.439046 0.05682424 1

-0.4542728 0.2123164 -0.8651926 0
-0.1545544 -0.9752406 -0.1581727 0
-0.8773537 0.06186583 0.4758396 0
0.08844935 1.36025 -0.1276477 1

-0.4718846 0.1558877 -0.8677697 0
-0.8630471 -0.2828493 0.4185048 0
-0.1802084 0.946412 0.2680107 0
0.04224288 1.068688 -0.1749361 1

0.401558 -0.8795319 0.2552946 0
-0.8759867 -0.4501925 -0.1731307 0
0.2672056 -0.1541127 -0.9512366 0
-0.1745322 0.9976435 -0.06981854 1

-0.243344 0.9443451 -0.2213522 0
0.2672056 -0.1541127 -0.9512366 0
-0.9324083 -0.290624 -0.2148319 0
-0.2054192 0.9790205 -0.1227848 1

-0.8584824 -0.5106297 0.04759702 0
-0.4944639 0.7995196 -0.3409908 0
0.1360652 -0.3162697 -0.9388613 0
-0.2770073 0.9299583 -0.1600788 1

-0.9580801 0.2014521 -0.2037159 0
0.2541581 0.9258082 -0.2797914 0
0.1322374 -0.3198386 -0.938199 0
-0.304186 0.9739048 -0.1788217 1

-0.7779678 -0.6277943 0.02531397 0
-0.5841639 0.707891 -0.3970432 0
0.231342 -0.3236744 -0.917451 0
-0.2898208 0.9345595 -0.1173968 1

-0.9220597 0.2280047 -0.3127627 0
0.3115308 0.916723 -0.2501349 0
0.2296846 -0.3280748 -0.9163038 0
-0.3223232 0.9754429 -0.1400566 1

-0.7912741 -0.607794 0.06687549 0
-0.5681067 0.6903095 -0.4480269 0
0.2261432 -0.3925045 -0.8915156 0
-0.3025689 0.9454327 -0.07784109 1

-0.9178839 0.2205397 -0.3299281 0
0.3261125 0.8929183 -0.3103997 0
0.2261432 -0.3925045 -0.8915156 0
-0.3332836 0.9827542 -0.1020637 1

-0.8586204 -0.5050738 -0.08758959 0
-0.3574373 0.7123767 -0.6039525 0
0.3674371 -0.4872583 -0.7921931 0
-0.3122609 0.9559493 -0.04517967 1

-0.9231079 -0.07459834 -0.3772365 0
0.1268162 0.867065 -0.4817845 0
0.3630289 -0.4925787 -0.7909342 0
-0.3293345 0.9917561 -0.07515544 1

0.6894336 -0.3629153 -0.6268767 0
-0.6254233 -0.7348343 -0.2624208 0
-0.3654139 0.5729848 -0.733595 0
-0.2196574 0.9842235 -0.1666582 1

-0.02340382 -0.7650344 -0.6435646 0
-0.9875143 0.1180021 -0.1043623 0
0.1557826 0.6330867 -0.7582439 0
-0.2557006 0.9398404 -0.1833707 1

-0.01294422 -0.815863 -0.5781006 0
-0.8630471 -0.2828493 0.4185048 0
-0.5049579 0.504345 -0.7004666 0
-0.05669525 1.036263 -0.1269596 1

-0.4492626 0.2119518 -0.8678939 0
-0.1545723 -0.975241 -0.1581535 0
-0.8799265 0.06310005 0.4709011 0
0.08844937 1.36025 -0.1276476 1

-0.522032 0.2165331 -0.8249826 0
-0.1545544 -0.9752406 -0.1581727 0
-0.8388062 0.04493354 0.5425728 0
0.05908398 1.174954 -0.1577004 1

-0.1074796 0.2473267 -0.9629526 0
0.5429765 -0.7967571 -0.2652448 0
-0.8328414 -0.5513689 -0.04865754 0
0.08231711 1.380328 -0.2164619 1

0.8914585 0.2796235 -0.3565285 0
-0.4491742 0.6487666 -0.6142838 0
0.05953559 0.7077518 0.7039481 0
-0.09000437 1.50947 0.06093958 1

0.9923203 0.1186763 0.0348793 0
-0.1008574 0.9395217 -0.3273023 0
-0.07161283 0.3212709 0.9442757 0
-0.1444615 1.588125 -0.01353517 1

0.9923203 0.1186763 0.0348793 0
-0.1008574 0.9395217 -0.3273023 0
-0.07161283 0.3212709 0.9442757 0
-0.1414647 1.601397 -0.1439531 1

0.9722999 -0.1886957 0.1379382 0
-0.2302372 -0.8749248 0.4260258 0
0.04029626 -0.4459833 -0.8941341 0
-0.09042085 1.605944 -0.1175848 1

0.934833 0.3517228 -0.04876989 0
-0.3380562 0.839533 -0.4253263 0
-0.1086528 0.414096 0.9037253 0
-0.1949631 1.591654 -0.1196819 1

0.9923202 0.1186762 0.03487921 0
0.1008574 -0.9395217 0.3273023 0
0.07161278 -0.3212709 -0.9442758 0
-0.1076983 1.623778 -0.1156549 1

0.9923203 0.1186763 0.0348793 0
-0.1008574 0.9395217 -0.3273023 0
-0.07161283 0.3212709 0.9442757 0
-0.181428 1.61496 -0.1182461 1

0.9658895 0.2443455 -0.08574924 0
0.2589436 -0.9082589 0.3286549 0
0.002422631 -0.3396486 -0.9405494 0
-0.1249617 1.615759 -0.1545154 1

0.9735801 0.2283137 -0.003843904 0
-0.216826 0.9190529 -0.3291332 0
-0.07161283 0.3212709 0.9442757 0
-0.1566788 1.613344 -0.1572161 1

0.9711558 0.1457452 0.1887194 0
0.1236451 -0.9845405 0.1240647 0
0.2038836 -0.09715192 -0.9741629 0
-0.07853635 1.642915 -0.1395578 1

0.9930398 0.1003426 -0.06167302 0
-0.1108173 0.9733737 -0.2006568 0
0.03989655 0.2060946 0.9777185 0
-0.2126316 1.627732 -0.1456783 1

0.9745916 0.2239779 -0.002291977 0
0.2120795 -0.919429 0.3311685 0
0.07206693 -0.32324 -0.9435688 0
-0.1077166 1.623982 -0.1158259 1

0.9973627 0.01185734 0.07160473 0
0.0146791 0.9332229 -0.3589984 0
-0.07107979 0.3591027 0.9305874 0
-0.1814258 1.61495 -0.1182759 1

0.9812089 0.1845321 0.05636731 0
-0.1585577 0.9376123 -0.3094234 0
-0.1099491 0.2946714 0.9492522 0
-0.1434551 1.591668 -0.05422096 1

0.908762 0.413536 0.05603302 0
0.3974583 -0.8986087 0.1858201 0
0.1271951 -0.1465955 -0.9809848 0
-0.1039699 1.538382 -0.1398363 1

0.9808658 0.1865463 0.05570248 0
-0.1729811 0.9663647 -0.1903078 0
-0.08933002 0.1770309 0.9801431 0
-0.1307975 1.549409 -0.1513924 1

0.9977601 -0.06582169 -0.01193425 0
0.06306604 0.9850513 -0.1603013 0
0.02230725 0.1591896 0.9869959 0
-0.1576699 1.53037 -0.1402309 1

0.9943312 0.02831388 0.1024888 0
-0.0144207 -0.9190768 0.3938149 0
0.1053454 -0.3930604 -0.9134584 0
-0.08293232 1.549789 -0.1097288 1

0.9484551 0.3125519 -0.05238605 0
-0.3067549 0.8639141 -0.3994421 0
-0.07958928 0.3949225 0.9152604 0
-0.1908281 1.53247 -0.1101577 1

0.9806383 0.1595006 0.1136142 0
0.08145554 -0.8598332 0.5040355 0
0.1780831 -0.4850221 -0.8561777 0
-0.109253 1.561218 -0.1354463 1

0.9888717 0.1466338 0.02512905 0
-0.1144191 0.8575633 -0.5014915 0
-0.09508523 0.4930354 0.8647976 0
-0.1349939 1.559765 -0.1422646 1

0.98524 0.1569362 -0.06836146 0
-0.1687862 0.8240951 -0.5407206 0
-0.02852216 0.5442779 0.83842 0
-0.1626091 1.555559 -0.1363111 1

0.9922788 0.1190611 0.03474528 0
0.09100208 -0.889249 0.4482798 0
0.08426979 -0.4416568 -0.8932178 0
-0.1206587 1.586373 -0.1395246 1

0.9922788 0.1190611 0.03474528 0
-0.09100212 0.8892491 -0.4482798 0
-0.08426967 0.4416568 0.8932179 0
-0.137851 1.574323 -0.1546391 1

0.9922788 0.1190611 0.03474528 0
-0.09100212 0.8892491 -0.4482798 0
-0.08426967 0.4416568 0.8932179 0
-0.1584452 1.581651 -0.1407838 1

0.9923203 0.1186763 0.0348793 0
-0.1008871 0.9396547 -0.3269114 0
-0.07157105 0.3208818 0.9444112 0
-0.1525079 1.673715 -0.07583728 1

0.3927879 -0.8443202 0.3644741 0
0.3994788 -0.2003305 -0.8945863 0
0.8283323 0.4969822 0.2586005 0
-0.1097978 1.456899 0.1150844 1

0.8301519 -0.4793854 0.2846711 0
0.5575247 0.7172089 -0.4180644 0
-0.003754795 0.5057681 0.8626615 0
-0.1992434 1.50176 0.3153757 1

0.8690361 -0.4177116 0.2651292 0
-0.03379408 0.4845177 0.8741287 0
-0.4935934 -0.7686091 0.4069473 0
-0.3659238 1.287335 0.440364 1

0.9991588 -0.01541887 0.03800121 0
-0.01744092 0.678894 0.7340294 0
-0.03711677 -0.7340745 0.678054 0
-0.3574367 1.165637 0.220806 1

-0.9809509 -0.102704 -0.1648868 0
-0.03711677 -0.7340745 0.678054 0
-0.190678 0.6712576 0.716279 0
-0.3032735 1.111084 0.1090673 1

0.9737715 0.1222411 0.1919025 0
-0.2261984 0.6111829 0.7584788 0
-0.02457032 -0.7819931 0.6228031 0
-0.3478516 1.123911 0.07453072 1

0.5097878 0.5300308 0.6776312 0
-0.8596863 0.2841004 0.4245312 0
