MeshAnim
1
35
79
30
0.7710124 -0.009885509 -0.6367435 0
-0.01891703 0.9990827 -0.03841689 0
0.6365392 0.04166519 0.7701181 0
0.01237277 0.8590301 0.05810552 1

0.944158 0.1630223 0.2863381 0
0.2700568 -0.8807526 -0.3890295 0
0.1887725 0.4446329 -0.875595 0
0.1117142 0.8264486 -0.02922745 1

0.944158 0.1630223 0.2863381 0
0.1033139 -0.9716741 0.2125457 0
0.3128769 -0.1710939 -0.9342563 0
0.2306349 0.4386055 -0.2005382 1

0.9913282 0.06231824 -0.1156933 0
0.06203496 -0.9980556 -0.006050691 0
-0.1158455 -0.001178762 -0.9932666 0
0.2635881 0.1286786 -0.1327443 1

0.9911687 0.06228923 -0.1170671 0
0.06660174 -0.9972242 0.03329108 0
-0.1146685 -0.0407939 -0.9925658 0
0.2541784 0.02452946 -0.2694714 1

0.5753589 -0.232517 -0.7841543 0
0.3207001 0.9461003 -0.04522921 0
0.7524052 -0.2254554 0.6189156 0
-0.09264131 0.8290683 0.1395403 1

0.5753562 -0.2325249 -0.7841539 0
-0.207019 0.8861173 -0.4146558 0
0.7912701 0.4009095 0.4616961 0
-0.2338627 0.4124498 0.1594571 1

0.4442987 -0.1024955 -0.8899963 0
0.05992597 0.994609 -0.08462721 0
0.8938724 -0.0157342 0.4480456 0
-0.1678318 0.1298118 0.2917169 1

0.4352799 -0.1027019 -0.8944181 0
-0.0378872 0.9905024 -0.1321731 0
0.8994976 0.09141923 0.4272548 0
-0.2965529 0.02833939 0.2391429 1

0.7802632 -0.01236937 -0.625329 0
-0.00303019 0.999718 -0.02355596 0
0.625444 0.0202747 0.7800056 0
0.01174564 0.9954383 0.0552284 1

0.8054756 -0.036188 -0.5915231 0
-0.04353745 0.9918234 -0.1199623 0
0.5910276 0.1223801 0.797314 0
0.01122285 1.167919 0.05116431 1

0.7112916 -0.09696779 -0.6961764 0
-0.3202493 0.8369589 -0.4437794 0
0.6257032 0.5386067 0.564268 0
0.009500915 1.355331 0.03735411 1

-0.3286263 0.7606661 -0.5598142 0
0.4479006 -0.3963217 -0.801445 0
-0.8314984 -0.5141171 -0.210461 0
0.02953235 1.434962 -0.04418699 1

-0.506254 0.1695539 -0.8455518 0
-0.2356743 -0.9703597 -0.0534765 0
-0.8295566 0.1722023 0.5312082 0
0.129817 1.346226 -0.22363 1

-0.5237155 0.125489 -0.8425997 0
-0.8031306 -0.4025651 0.4392294 0
-0.2840829 0.9067491 0.3116136 0
0.05935854 1.056123 -0.2396181 1

0.4086509 -0.8425289 0.3509275 0
-0.8758375 -0.4701611 -0.1088901 0
0.2567354 -0.2628576 -0.93005 0
-0.1423671 0.9550096 -0.1292951 1

-0.250355 0.9113718 -0.3266875 0
0.2567354 -0.2628576 -0.93005 0
-0.9334933 -0.3167147 -0.1681737 0
-0.1737863 0.930249 -0.179355 1

-0.8554587 -0.504449 0.1171383 0
-0.5021804 0.7527838 -0.4255959 0
0.1265116 -0.4229044 -0.8973 0
-0.2455765 0.8769454 -0.2098131 1

-0.9613409 0.1732255 -0.2140481 0
0.2465079 0.8878003 -0.3886448 0
0.1227088 -0.4263848 -0.8961804 0
-0.2731793 0.918323 -0.2332064 1

-0.7746625 -0.6231447 0.1076509 0
-0.5921016 0.6549612 -0.4695125 0
0.222067 -0.4274541 -0.8763387 0
-0.2579091 0.8864391 -0.1678026 1

-0.9267288 0.1870293 -0.3258743 0
0.3042669 0.8824163 -0.3588358 0
0.2204441 -0.4316965 -0.8746675 0
-0.290867 0.9243011 -0.1946646 1

-0.7875735 -0.5984886 0.1467639 0
-0.5765619 0.6316205 -0.5182977 0
0.2174962 -0.492816 -0.8425131 0
-0.2702427 0.9017985 -0.1296271 1

-0.9227197 0.1776317 -0.3421048 0
0.3182514 0.8518099 -0.4160966 0
0.2174962 -0.492816 -0.8425131 0
-0.3014146 0.935947 -0.157649 1

-0.8572104 -0.5146597 -0.01776531 0
-0.3678441 0.6360901 -0.6782922 0
0.3603901 -0.5749044 -0.7345777 0
-0.2795998 0.9160118 -0.09829453 1

-0.9271144 -0.1210217 -0.3547011 0
0.1170794 0.8055359 -0.5808653 0
0.3560219 -0.5800569 -0.7326548 0
-0.297192 0.9480313 -0.1320204 1

0.6837187 -0.4311123 -0.5887879 0
-0.6250073 -0.7624315 -0.1675237 0
-0.3766887 0.4825361 -0.7907369 0
-0.188563 0.9302653 -0.2233585 1

-0.02737081 -0.8347878 -0.5498917 0
-0.9892144 0.1018052 -0.1053114 0
0.1438943 0.5410782 -0.8285705 0
-0.2245914 0.8841207 -0.2343547 1

0.09555538 -0.8146936 -0.5719646 0
-0.8031306 -0.4025651 0.4392294 0
-0.5880902 0.4173917 -0.6927725 0
-0.03271087 1.009974 -0.1892657 1

-0.4030026 0.1557829 -0.9018428 0
-0.2406411 -0.9687697 -0.05980953 0
-0.8829952 0.1929171 0.4279045 0
0.129817 1.346226 -0.22363 1

-0.5558361 0.1797267 -0.8116305 0
-0.2356743 -0.9703597 -0.0534765 0
-0.7971847 0.1615564 0.581718 0
0.0850389 1.161858 -0.2337906 1

-0.1014627 0.1959303 -0.9753546 0
0.5423932 -0.8109881 -0.2193354 0
-0.8339753 -0.5512802 -0.02398619 0
0.1241613 1.36165 -0.3130267 1

0.895277 0.2670603 -0.3565923 0
-0.4426059 0.6244188 -0.6435848 0
0.050787 0.7340165 0.6772301 0
-0.04922586 1.505767 -0.04360141 1

0.9952263 0.08942599 0.03908306 0
-0.07126928 0.9395415 -0.3349369 0
-0.06667227 0.3305526 0.9414296 0
-0.1028867 1.581471 -0.1216285 1

0.9952263 0.08942599 0.03908306 0
-0.07126928 0.9395415 -0.3349369 0
-0.06667227 0.3305526 0.9414296 0
-0.09885531 1.593638 -0.2521262 1

0.9655699 -0.2164093 0.1443669 0
-0.25824 -0.8643801 0.4314623 0
0.03141543 -0.4538884 -0.8905049 0
-0.04782905 1.596871 -0.2255309 1

0.9451053 0.3234226 -0.04662681 0
-0.3108511 0.8458843 -0.4334184 0
-0.1007363 0.4241199 0.8999858 0
-0.1527383 1.585675 -0.2280574 1

0.9952263 0.08942599 0.03908306 0
0.07126928 -0.9395415 0.3349369 0
0.06667224 -0.3305526 -0.9414296 0
-0.06457791 1.615225 -0.2238254 1

0.9952263 0.08942599 0.03908306 0
-0.07126928 0.9395415 -0.3349369 0
-0.06667227 0.3305526 0.9414296 0
-0.1385236 1.60858 -0.2267289 1

0.973137 0.2148875 -0.08263019 0
0.2302065 -0.9129769 0.3368655 0
-0.003051311 -0.3468383 -0.93792 0
-0.08188079 1.607422 -0.2627122 1

0.9799446 0.1992686 -0.0005668104 0
-0.1877847 0.9225112 -0.337209 0
-0.06667227 0.3305526 0.9414296 0
-0.113642 1.605928 -0.2655576 1

0.9741197 0.118301 0.1926025 0
0.09370762 -0.9867883 0.1321666 0
0.2056933 -0.1106977 -0.9723357 0
-0.03474279 1.633302 -0.2477224 1

0.9958754 0.07033254 -0.05732241 0
-0.08084102 0.9746532 -0.2086048 0
0.04119754 0.2123783 0.9763188 0
-0.1691984 1.622061 -0.2544174 1

0.9808193 0.1949169 0.001023084 0
0.1830191 -0.9227308 0.3392226 0
0.06706405 -0.3325289 -0.9407056 0
-0.06458937 1.615428 -0.223998 1

0.99691 -0.01720811 0.07664329 0
0.04418333 0.9295697 -0.3659893 0
-0.06494746 0.3682447 0.9274576 0
-0.1385215 1.60857 -0.2267587 1

0.9859723 0.1557471 0.06001323 0
-0.129088 0.9394845 -0.317341 0
-0.1058066 0.3051424 0.9464106 0
-0.1015753 1.584667 -0.1623343 1

0.9203685 0.3867916 0.05756852 0
0.3696477 -0.9085494 0.1946764 0
0.1276029 -0.1578939 -0.9791768 0
-0.06327131 1.529571 -0.2473385 1

0.9856926 0.1577654 0.05933124 0
-0.1432357 0.9695733 -0.1985228 0
-0.08884609 0.1871841 0.9782987 0
-0.08970201 1.5413 -0.2591159 1

0.9954086 -0.09550891 -0.006300509 0
0.093112 0.9814747 -0.1674449 0
0.02217615 0.1660894 0.9858613 0
-0.1171831 1.523154 -0.2479486 1

0.9942173 -0.0004303688 0.1073857 0
-0.0436756 -0.9151686 0.4006985 0
0.09810361 -0.4030715 -0.9098954 0
-0.04205218 1.540581 -0.2172106 1

0.9575744 0.2838376 -0.04987562 0
-0.2789664 0.8695248 -0.4075593 0
-0.07231259 0.4041819 0.9118158 0
-0.1504117 1.52647 -0.2180632 1

0.9843762 0.1311872 0.1174448 0
0.05337632 -0.8579469 0.5109581 0
0.1677924 -0.4967063 -0.851545 0
-0.06789457 1.552587 -0.2431492 1

0.9926585 0.1173973 0.02910331 0
-0.08640485 0.8566765 -0.5085665 0
-0.08463645 0.5023181 0.8605306 0
-0.0936335 1.551846 -0.2500886 1

0.9897945 0.1270794 -0.06448013 0
-0.1415494 0.8245347 -0.5478197 0
-0.01645055 0.5513561 0.8341079 0
-0.1213905 1.548509 -0.2442456 1

0.9951971 0.08981086 0.03894573 0
0.06231813 -0.8880637 0.4554771 0
0.07549322 -0.4508625 -0.8893951 0
-0.07852715 1.578038 -0.2474769 1

0.9951971 0.08981086 0.03894573 0
-0.06231815 0.8880637 -0.4554771 0
-0.07549319 0.4508624 0.8893952 0
-0.09599563 1.566387 -0.2625878 1

0.9951971 0.08981086 0.03894573 0
-0.06231815 0.8880637 -0.4554771 0
-0.07549319 0.4508624 0.8893952 0
-0.1164308 1.57443 -0.2488947 1

0.9952263 0.08942599 0.03908306 0
-0.07129691 0.9396784 -0.334547 0
-0.06664282 0.3301634 0.9415681 0
-0.1080784 1.666777 -0.1846189 1

0.3974608 -0.8259657 0.3997575 0
0.401527 -0.2351779 -0.885137 0
0.8251067 0.5123207 0.2381734 0
-0.06944733 1.45575 0.01275903 1

0.8322864 -0.4563506 0.3147119 0
0.5542594 0.6950847 -0.4578799 0
-0.009797752 0.5555193 0.8314461 0
-0.1593516 1.508412 0.2109343 1

0.8708368 -0.3956755 0.2916923 0
-0.01475927 0.5720731 0.82007 0
-0.4913508 -0.7184524 0.4923424 0
-0.3250558 1.300603 0.3478263 1

0.9996768 -0.01546261 0.02018094 0
-0.001497984 0.7565859 0.653893 0
-0.02537963 -0.6537117 0.756318 0
-0.3213497 1.156913 0.1418464 1

-0.9842294 -0.116152 -0.1334216 0
-0.02537963 -0.6537117 0.756318 0
-0.1750673 0.7477766 0.6404544 0
-0.2695162 1.090002 0.03586749 1

0.9776261 0.1386112 0.1582224 0
-0.2098824 0.6929388 0.689772 0
-0.0140284 -0.7075471 0.7065269 0
-0.3147371 1.099094 0.000982739 1

0.5241898 0.6000533 0.6042857 0
-0.8505375 0.3334346 0.4067026 0
0.04255345 -0.7271572 0.6851509 0
-0.3032003 1.061005 -0.03693129 1

0.1621011 0.7913729 0.5894508 0
-0.9851043 0.09504334 0.143306 0
0.05738512 -0.6039004 0.7949915 0
-0.317574 1.068543 0.03362807 1

-0.9688683 0.1566068 0.1917524 0
-0.240044 -0.783824 -0.5727119 0
0.06060946 -0.6009114 0.7970145 0
-0.2613443 1.06391 0.02600334 1

0.002209634 0.7655115 0.6434186 0
-0.9942858 -0.06699032 0.08311689 0
0.1067298 -0.6399257 0.760989 0
-0.3140755 1.040988 0.06639931 1

-0.9532317 0.159563 0.2566896 0
-0.2705228 -0.8291729 -0.4891728 0
0.1347861 -0.5357355 0.8335592 0
-0.2603194 1.04461 0.06190509 1

0.04303357 0.7667319 0.6405237 0
-0.9698277 -0.1219285 0.211111 0
0.2399636 -0.6302825 0.7383506 0
-0.3101724 1.019288 0.09441962 1

-0.9483284 0.06309118 0.3109548 0
-0.1797571 -0.9144124 -0.3626813 0
0.2614588 -0.3998371 0.8785042 0
-0.26193 1.02598 0.08441726 1

0.1997378 -0.9798468 0.002337664 0
-0.9288191 -0.1885751 0.3189589 0
-0.3120898 -0.0658794 -0.9477655 0
-0.2947312 1.16344 0.04478633 1

-0.9416529 -0.3231493 -0.09415275 0
-0.3292644 0.8263679 0.4568388 0
-0.06982231 0.4611848 -0.8845526 0
-0.2457577 1.174314 0.0251921 1

0.965929 -0.2037834 0.1595417 0
-0.01475927 0.5720731 0.82007 0
-0.2583862 -0.7944843 0.5495743 0
-0.3233626 1.235018 0.2538129 1

0.7741456 -0.6280747 -0.07887211 0
0.5294275 0.7107265 -0.4632221 0
0.3469945 0.3168443 0.8827257 0
-0.1593518 1.508412 0.2109344 1

0.8313468 -0.4892247 0.2636699 0
0.5542594 0.6950847 -0.4578799 0
0.04073322 0.5267985 0.8490137 0
-0.2646592 1.376345 0.297932 1

0.7098243 -0.6597372 -0.2467723 0
0.03994042 0.3874749 -0.9210148 0
0.7032455 0.6439024 0.3013891 0
-0.2187513 1.565316 0.2334079 1

0.9951993 -0.09786879 -2.980232E-08 0
0.09786879 0.9951994 -1.117587E-08 0
2.980232E-08 6.984919E-09 1 0
-0.150452 0.9045892 0.1193795 1

1 0 0 0
0 1 0 0
0 0 1 0
0 0 0 1

1 0 0 0
0 1 0 0
0 0 1 0
0 0 0 1

0.769681 -0.01390668 -0.6382772 0
-0.01423176 0.9991406 -0.03893083 0
0.63827 0.03904813 0.7688217 0
0.01071035 0.8590555 0.06288466 1

0.94437 0.1641162 0.2850107 0
0.2712306 -0.878762 -0.3926973 0
0.1860086 0.4481552 -0.8743899 0
0.1097205 0.8259534 -0.02462862 1

0.94437 0.1641162 0.2850107 0
0.108019 -0.9732995 0.2025339 0
0.3106399 -0.1604803 -0.9368826 0
0.229158 0.4389868 -0.1975546 1

0.9912596 0.06431625 -0.1151868 0
0.06397922 -0.9979292 -0.006624136 0
-0.1153743 -0.0008033109 -0.9933217 0
0.263612 0.1285415 -0.132954 1

0.991174 0.06317224 -0.1165477 0
0.06741954 -0.9971833 0.03286386 0
-0.1141434 -0.04043143 -0.9926413 0
0.2544695 0.02445692 -0.2697484 1

0.574383 -0.2251221 -0.7870225 0
0.3206949 0.946472 -0.03668274 0
0.7531527 -0.2313241 0.6158329 0
-0.0942822 0.8296388 0.1445456 1

0.5743802 -0.2251301 -0.7870221 0
-0.2121205 0.8876637 -0.4087275 0
0.7906278 0.4017085 0.4621018 0
-0.2355013 0.4128565 0.160699 1

0.443808 -0.102272 -0.8902668 0
0.0599205 0.9946296 -0.08438995 0
0.8941165 -0.0158923 0.4475528 0
-0.1678432 0.1297255 0.2910678 1

0.4345427 -0.1030814 -0.8947328 0
-0.04008754 0.9902307 -0.1335528 0
0.8997587 0.09390204 0.4261654 0
-0.2965972 0.02827227 0.2385367 1

0.7791644 -0.01654559 -0.6266014 0
-0.000974285 0.9996184 -0.02760672 0
0.626819 0.02212066 0.7788509 0
0.01072763 0.9954636 0.05993345 1

0.8046479 -0.03810994 -0.592528 0
-0.04351997 0.9914683 -0.1228685 0
0.5921553 0.1246527 0.7961244 0
0.01055954 1.167927 0.05517049 1

0.7103164 -0.09713985 -0.6971475 0
-0.3223934 0.8355364 -0.4449061 0
0.6257103 0.5407798 0.562178 0
0.008853184 1.355297 0.04080207 1

-0.3299341 0.7585317 -0.5619372 0
0.4459469 -0.3994237 -0.8009945 0
-0.8320308 -0.5148695 -0.2064815 0
0.02861621 1.434801 -0.0409288 1

-0.5069851 0.1698344 -0.8450579 0
-0.2708893 -0.9621164 -0.03084267 0
-0.818282 0.2132802 0.5337849 0
0.1284635 1.34537 -0.220271 1

-0.5240185 0.1306223 -0.8416311 0
-0.788161 -0.4489033 0.4210562 0
-0.3228114 0.8839818 0.3381849 0
0.04747695 1.057732 -0.2294923 1

0.4075841 -0.8395867 0.3591241 0
-0.8792202 -0.4670445 -0.09402931 0
0.2466724 -0.2774243 -0.9285414 0
-0.1504887 0.9449791 -0.1237339 1

-0.248717 0.9079328 -0.3373403 0
0.2466724 -0.2774243 -0.9285414 0
-0.9366394 -0.3141565 -0.1549619 0
-0.1825014 0.919674 -0.1731412 1

-0.8569046 -0.498217 0.1322672 0
-0.5022676 0.7492812 -0.4316317 0
0.1159407 -0.4363005 -0.8923006 0
-0.2548461 0.866321 -0.2021671 1

-0.9623991 0.1752208 -0.2075721 0
0.2474172 0.880865 -0.403562 0
0.1121304 -0.4397445 -0.8910961 0
-0.2824538 0.907506 -0.2258922 1

-0.7768111 -0.6174595 0.1237277 0
-0.5930967 0.651318 -0.4733096 0
0.2116631 -0.4410544 -0.872164 0
-0.2667365 0.8764767 -0.160184 1

-0.9287639 0.1872481 -0.3199006 0
0.3054241 0.875602 -0.3742164 0
0.2100341 -0.4452639 -0.8704174 0
-0.2997492 0.9141255 -0.1872772 1

-0.7892291 -0.5921813 0.1626024 0
-0.5781339 0.6272035 -0.5218982 0
0.2070735 -0.5059029 -0.8373669 0
-0.2786334 0.892443 -0.1221191 1

-0.9249552 0.1775994 -0.3360317 0
0.3187151 0.8441098 -0.4311613 0
0.2070735 -0.5059029 -0.8373669 0
-0.3098903 0.9263526 -0.1503355 1

-0.8599703 -0.5103382 -0.002454489 0
-0.3709015 0.6282945 -0.68387 0
0.3505472 -0.5871975 -0.7296 0
-0.2876239 0.9071501 -0.09090716 1

-0.9310007 -0.121176 -0.3443176 0
0.1157759 0.7965542 -0.5933782 0
0.3461708 -0.5922988 -0.7275631 0
-0.3053662 0.9387784 -0.1249226 1

0.6759595 -0.4430488 -0.5888862 0
-0.6304535 -0.7614372 -0.1508054 0
-0.3815857 0.4732036 -0.7940222 0
-0.1976889 0.9191415 -0.2170015 1

-0.03679863 -0.8423785 -0.5376293 0
-0.9896206 0.105504 -0.09757221 0
0.1389145 0.5284584 -0.8375173 0
-0.2340549 0.8730353 -0.2270024 1

0.1367848 -0.7947726 -0.5912925 0
-0.788161 -0.4489033 0.4210562 0
-0.600077 0.4084394 -0.6878118 0
-0.04287634 1.006271 -0.1812233 1

-0.4282965 0.1573886 -0.8898265 0
-0.2760139 -0.9604403 -0.03702589 0
-0.8604525 0.2297463 0.4547945 0
0.1284635 1.34537 -0.220271 1

-0.5673335 0.1854563 -0.8023334 0
-0.2708893 -0.9621164 -0.03084267 0
-0.777658 0.1998453 0.5960788 0
0.0769945 1.162568 -0.2261311 1

-0.1038025 0.1921905 -0.9758524 0
0.5418201 -0.8118581 -0.2175264 0
-0.8340601 -0.5513162 -0.01985997 0
0.1225371 1.360525 -0.3094023 1

0.8941791 0.2686481 -0.3581508 0
-0.4449285 0.6222472 -0.6440864 0
0.04982579 0.7352799 0.6759297 0
-0.05026089 1.505473 -0.04035404 1

0.9952791 0.08967035 0.03713486 0
-0.07205296 0.939001 -0.3362821 0
-0.06502417 0.3320188 0.941029 0
-0.1042033 1.580914 -0.118442 1

0.9952791 0.08967035 0.03713486 0
-0.07205296 0.939001 -0.3362821 0
-0.06502417 0.3320188 0.941029 0
-0.1004113 1.592877 -0.2489658 1

0.965871 -0.2160047 0.1429527 0
-0.2572945 -0.8637487 0.4332878 0
0.02988282 -0.4552809 -0.8898467 0
-0.04933739 1.596161 -0.2224683 1

0.9449586 0.3235225 -0.04885137 0
-0.3117958 0.8451453 -0.4341811 0
-0.09918082 0.4255146 0.8995003 0
-0.154249 1.584942 -0.2247866 1

0.9952791 0.08967027 0.03713471 0
0.07205296 -0.939001 0.3362821 0
0.0650239 -0.3320189 -0.9410291 0
-0.06608657 1.614515 -0.2207612 1

0.9952791 0.08967035 0.03713486 0
-0.07205296 0.939001 -0.3362821 0
-0.06502417 0.3320188 0.941029 0
-0.1400361 1.607851 -0.2235199 1

0.9729452 0.2149363 -0.08473504 0
0.2309885 -0.912404 0.3378803 0
-0.004689872 -0.3483118 -0.9373671 0
-0.08345854 1.606647 -0.2596042 1

0.979905 0.1994477 -0.002659798 0
-0.1885691 0.9219457 -0.3383157 0
-0.06502417 0.3320188 0.941029 0
-0.1152247 1.605143 -0.2623896 1

0.9744458 0.1187826 0.1906467 0
0.09413181 -0.9865623 0.1335458 0
0.2039476 -0.1121872 -0.9725327 0
-0.0362982 1.632559 -0.2447407 1

0.9957564 0.07042558 -0.05924141 0
-0.0814018 0.9743094 -0.2099881 0
0.04293117 0.2139193 0.9759076 0
-0.1707637 1.621283 -0.2511739 1

0.980783 0.1950986 -0.001064658 0
0.1838073 -0.9221631 0.3403384 0
0.06541777 -0.3339939 -0.9403026 0
-0.06609831 1.614717 -0.2209341 1

0.9970508 -0.01690432 0.07485938 0
0.04334494 0.9290015 -0.3675284 0
-0.0633316 0.3696893 0.9269947 0
-0.1400342 1.607841 -0.2235497 1

0.9860505 0.1560225 0.0579778 0
-0.1298397 0.938961 -0.3185812 0
-0.1041445 0.3066092 0.946121 0
-0.1029665 1.584046 -0.1591551 1

0.9203993 0.3870509 0.05528918 0
0.3701703 -0.9081745 0.1954314 0
0.125854 -0.1594083 -0.9791579 0
-0.06480663 1.528823 -0.2441421 1

0.9857693 0.1580397 0.057293 0
-0.1437772 0.9692336 -0.1997849 0
-0.08710414 0.1887043 0.9781634 0
-0.0912608 1.540529 -0.2558898 1

0.9954134 -0.09533559 -0.007958412 0
0.09262452 0.9812276 -0.1691551 0
0.02393568 0.167642 0.9855574 0
-0.1187183 1.522396 -0.2446442 1

0.9944109 -7.881038E-05 0.1055803 0
-0.04277696 -0.9145458 0.4022139 0
0.09652624 -0.4044823 -0.909438 0
-0.04353482 1.539885 -0.2140701 1

0.9574293 0.283935 -0.0520604 0
-0.2798685 0.8688321 -0.4084171 0
-0.07073203 0.4056004 0.9113096 0
-0.1518932 1.525753 -0.2147038 1

0.9845635 0.1315526 0.1154504 0
0.05446446 -0.8571333 0.5122072 0
0.1663383 -0.4980124 -0.8510672 0
-0.06942657 1.551846 -0.2399806 1

0.9926877 0.1176254 0.02711591 0
-0.08748838 0.8558606 -0.5097536 0
-0.0831672 0.5036538 0.8598932 0
-0.09517796 1.551089 -0.246872 1

0.989652 0.1271599 -0.0664773 0
-0.1426981 0.8236471 -0.5488561 0
-0.01503858 0.5526626 0.8332696 0
-0.1229236 1.547756 -0.2409734 1

0.9952495 0.09005497 0.03699723 0
0.0633112 -0.8873357 0.4567575 0
0.07396194 -0.4522452 -0.8888218 0
-0.08007175 1.577288 -0.2443289 1

0.9952495 0.09005497 0.03699723 0
-0.06331117 0.8873357 -0.4567574 0
-0.07396197 0.4522451 0.8888218 0
-0.09756546 1.56561 -0.2593896 1

0.9952495 0.09005497 0.03699723 0
-0.06331117 0.8873357 -0.4567574 0
-0.07396197 0.4522451 0.8888218 0
-0.1179772 1.573671 -0.2456722 1

0.9952791 0.08967035 0.03713486 0
-0.07207984 0.9391384 -0.3358923 0
-0.06499422 0.33163 0.9411682 0
-0.1095254 1.66612 -0.1815568 1

0.399528 -0.8248191 0.4000636 0
0.4018887 -0.2346412 -0.8851153 0
0.8239313 0.5144094 0.2377398 0
-0.07030535 1.455533 0.01613809 1

0.8301439 -0.4599279 0.3151627 0
0.557454 0.6951194 -0.4539318 0
-0.01029965 0.5525174 0.8334378 0
-0.1602907 1.508075 0.2143085 1

0.8689301 -0.3992822 0.2924625 0
-0.005359024 0.5832859 0.8122493 0
-0.4949059 -0.7073553 0.5046949 0
-0.32695 1.300256 0.3500202 1

0.9996996 -0.0218037 0.01119724 0
0.009553522 0.7673154 0.6411986 0
-0.02257225 -0.6408991 0.7672934 0
-0.325605 1.153749 0.1460046 1

-0.986171 -0.1117705 -0.1223701 0
-0.02257225 -0.6408991 0.7672934 0
-0.1641875 0.7594446 0.6295131 0
-0.2752024 1.084746 0.04067935 1

0.9799466 0.1346813 0.1468536 0
-0.1988972 0.7056655 0.680056 0
-0.01203874 -0.6956272 0.7183022 0
-0.3206872 1.09356 0.00606747 1

0.5337219 0.6064739 0.5893478 0
-0.8445036 0.3458058 0.4089401 0
0.04421151 -0.7159665 0.6967334 0
-0.3097543 1.054772 -0.03131256 1

0.1727667 0.7999359 0.5746776 0
-0.9830801 0.1039848 0.1508014 0
0.06087357 -0.5910074 0.8043661 0
-0.323418 1.063574 0.03924139 1

-0.9659902 0.1662332 0.1980644 0
-0.2504987 -0.79159 -0.5573473 0
0.06413624 -0.5880069 0.8063092 0
-0.2672935 1.05844 0.03117563 1

0.01322129 0.7760412 0.6305436 0
-0.9938812 -0.05895951 0.09340405 0
0.109662 -0.6279203 0.7705132 0
-0.3197932 1.036544 0.07243299 1

-0.9497284 0.1701609 0.2627963 0
-0.2804903 -0.8353429 -0.4727871 0
0.139075 -0.522731 0.8410771 0
-0.266059 1.039732 0.06738248 1

0.05402344 0.7769408 0.6272515 0
-0.9685863 -0.1119304 0.2220632 0
0.2427385 -0.619544 0.7464874 0
-0.3157699 1.015286 0.1007731 1

-0.9449476 0.07457161 0.3186117 0
-0.1891041 -0.9190781 -0.3457387 0
0.2670468 -0.3869557 0.8825824 0
-0.2675805 1.021489 0.09021553 1

0.1933523 -0.9809858 0.0167962 0
-0.927007 -0.1770522 0.3306217 0
-0.3213612 -0.07949667 -0.9436139 0
-0.2998531 1.158489 0.04860754 1

-0.9445809 -0.3183679 -0.08005711 0
-0.3195785 0.836009 0.4460478 0
-0.07507879 0.4469128 -0.8914213 0
-0.250995 1.168709 0.02838336 1

0.9654734 -0.2085358 0.1561221 0
-0.005359024 0.5832859 0.8122493 0
-0.2604468 -0.7850416 0.5620294 0
-0.3263344 1.233385 0.2569034 1

0.7758451 -0.6269835 -0.07040012 0
0.532649 0.7107115 -0.459537 0
0.3381564 0.3190309 0.8853642 0
-0.1602909 1.508076 0.2143086 1

0.8294422 -0.489794 0.2685659 0
0.557454 0.6951194 -0.4539318 0
0.03564787 0.5262233 0.849599 0
-0.2662053 1.376002 0.300556 1

0.7113461 -0.6581541 -0.2466169 0
0.03880399 0.3871267 -0.9212097 0
0.7017698 0.6457292 0.3009201 0
-0.2195327 1.564675 0.2364663 1

0.9956174 -0.09352093 -2.264977E-06 0
0.09352094 0.9956173 -1.161918E-05 0
3.397465E-06 1.135375E-05 1 0
-0.1517725 0.9054235 0.1244586 1

1 0 0 0
0 1 0 0
0 0 1 0
0 0 0 1

1 0 0 0
0 1 0 0
0 0 1 0
0 0 0 1

0.7679384 -0.01816652 -0.6402661 0
-0.008577457 0.9992164 -0.03863901 0
0.6404663 0.03516423 0.7671808 0
0.009797704 0.8590727 0.068795 1

0.9446976 0.1650047 0.2834078 0
0.2720687 -0.8768441 -0.3963872 0
0.1830987 0.4515725 -0.8732451 0
0.1083894 0.8254246 -0.0189821 1

0.9446976 0.1650047 0.2834078 0
0.1131227 -0.9751179 0.1906521 0
0.3078145 -0.1480487 -0.9398572 0
0.228196 0.4393026 -0.1935329 1

0.9910999 0.06841423 -0.1141952 0
0.06796709 -0.9976569 -0.007809181 0
-0.114462 -2.179854E-05 -0.9934276 0
0.2642778 0.1282772 -0.1327221 1

0.991099 0.06575631 -0.1157535 0
0.06985946 -0.9970514 0.03175064 0
-0.1133245 -0.03955439 -0.9927704 0
0.2556758 0.02432817 -0.2696545 1

0.5734432 -0.2166394 -0.7900825 0
0.3211602 0.9466549 -0.02647278 0
0.7536705 -0.2385624 0.6124287 0
-0.09515144 0.8302391 0.1507193 1

0.5734404 -0.2166475 -0.7900823 0
-0.2168891 0.8898431 -0.4014205 0
0.7900161 0.4015509 0.4632835 0
-0.2365754 0.4133764 0.1623767 1

0.4427048 -0.1017362 -0.8908772 0
0.05993607 0.994678 -0.08380584 0
0.894662 -0.01629443 0.4464463 0
-0.1673963 0.12955 0.2904148 1

0.4331302 -0.1030752 -0.8954182 0
-0.04206027 0.9900459 -0.1343135 0
0.9003495 0.09583682 0.4244834 0
-0.2962267 0.02814704 0.2379744 1

0.7774697 -0.020526 -0.6285854 0
0.0006130466 0.9994916 -0.03187942 0
0.6289202 0.02439993 0.7770869 0
0.010593 0.9954792 0.06587857 1

0.8033667 -0.03993448 -0.5941442 0
-0.04396306 0.9910485 -0.126056 0
0.5938598 0.1273896 0.7944196 0
0.01069877 1.167921 0.06037844 1

0.7089723 -0.09738053 -0.6984808 0
-0.3250467 0.8338278 -0.4461793 0
0.6258619 0.5433676 0.5595075 0
0.008927878 1.355242 0.04539341 1

-0.3315276 0.7558585 -0.5645949 0
0.444662 -0.4026156 -0.8001102 0
-0.832085 -0.5163125 -0.2026233 0
0.02835144 1.43459 -0.03656974 1

-0.5057564 0.1715671 -0.8454438 0
-0.2985423 -0.9542776 -0.01506065 0
-0.8093721 0.2447836 0.5338522 0
0.127911 1.344445 -0.2157139 1

-0.5222906 0.1362878 -0.8418066 0
-0.7752425 -0.4871286 0.4021258 0
-0.355263 0.8626307 0.3600787 0
0.0386572 1.05915 -0.220217 1

0.4067563 -0.8379886 0.3637643 0
-0.881377 -0.4647072 -0.08498237 0
0.2402581 -0.2860464 -0.9276064 0
-0.1560636 0.9367961 -0.1192134 1

-0.2475273 0.9059533 -0.343481 0
0.2402581 -0.2860464 -0.9276064 0
-0.9386194 -0.312132 -0.1468582 0
-0.1884533 0.9111919 -0.1682194 1

-0.8578441 -0.4940652 0.1414334 0
-0.5021769 0.747415 -0.434959 0
0.1091888 -0.4441514 -0.8892736 0
-0.2611522 0.8578539 -0.1963747 1

-0.9629831 0.1768761 -0.2034169 0
0.2481129 0.8765813 -0.412366 0
0.1053737 -0.4475718 -0.888018 0
-0.2887549 0.8989364 -0.2202827 1

-0.7782177 -0.6136572 0.1334265 0
-0.5935893 0.6494282 -0.4752841 0
0.2050105 -0.4490748 -0.8696566 0
-0.2727608 0.8684022 -0.1544095 1

-0.9299655 0.1878451 -0.3160364 0
0.3062722 0.8713592 -0.3833161 0
0.2033771 -0.4532638 -0.8678652 0
-0.3058006 0.9059394 -0.1816243 1

-0.7903194 -0.5880111 0.1721597 0
-0.5789956 0.6248556 -0.5237554 0
0.200399 -0.5136136 -0.834291 0
-0.2843789 0.8847278 -0.116411 1

-0.9262849 0.1780486 -0.332108 0
0.3191194 0.8393451 -0.4400716 0
0.200399 -0.5136136 -0.834291 0
-0.3156823 0.9185107 -0.1447279 1

-0.8617416 -0.5073016 0.006837934 0
-0.3727138 0.6238611 -0.6869366 0
0.344218 -0.5945104 -0.7266853 0
-0.293135 0.8997271 -0.08527166 1

-0.9334191 -0.1207625 -0.3378544 0
0.1150686 0.7911521 -0.6006979 0
0.3398359 -0.5995793 -0.7245803 0
-0.3109661 0.9311324 -0.1194468 1

0.6709493 -0.4503402 -0.5890847 0
-0.6339737 -0.7604406 -0.1407393 0
-0.3845833 0.4678932 -0.7957209 0
-0.2038994 0.9103464 -0.2119844 1

-0.04288188 -0.8467083 -0.5303268 0
-0.9898021 0.1081778 -0.09267959 0
0.1358422 0.5209444 -0.8427123 0
-0.2404837 0.8642869 -0.2213862 1

0.1722705 -0.7755306 -0.6073512 0
-0.7752425 -0.4871286 0.4021258 0
-0.6077189 0.4015701 -0.685142 0
-0.05021517 1.003307 -0.1741182 1

-0.4484802 0.1625185 -0.8788933 0
-0.3037892 -0.9525054 -0.0211134 0
-0.8405818 0.2575293 0.4765511 0
0.127911 1.344445 -0.2157139 1

-0.5751121 0.1924703 -0.7951108 0
-0.2985423 -0.9542776 -0.01506065 0
-0.7616553 0.2287125 0.6062772 0
0.07118794 1.163132 -0.2185754 1

-0.1058196 0.1878686 -0.9764771 0
0.5419397 -0.8124408 -0.2150384 0
-0.8337288 -0.5519471 -0.01584122 0
0.1217334 1.359299 -0.3045173 1

0.8927808 0.2711217 -0.3597719 0
-0.4479126 0.6195639 -0.6446044 0
0.04813543 0.7366368 0.6745734 0
-0.05066572 1.505106 -0.03598895 1

0.9953942 0.08913567 0.03528997 0
-0.07207625 0.9385372 -0.3375692 0
-0.0632104 0.3334709 0.940639 0
-0.10497 1.580221 -0.1141398 1

0.9953942 0.08913567 0.03528997 0
-0.07207625 0.9385372 -0.3375692 0
-0.0632104 0.3334709 0.940639 0
-0.1013951 1.591985 -0.2446877 1

0.9659874 -0.2163625 0.1416177 0
-0.2570595 -0.8629439 0.4350273 0
0.02808455 -0.4566351 -0.8892111 0
-0.05027392 1.59528 -0.2182829 1

0.9450641 0.3228883 -0.05096093 0
-0.3120423 0.8446767 -0.4349149 0
-0.09738332 0.4269245 0.8990284 0
-0.155196 1.584119 -0.2204042 1

0.9953942 0.08913562 0.03528994 0
0.07207625 -0.9385372 0.3375692 0
0.06321043 -0.3334709 -0.940639 0
-0.06700929 1.613646 -0.2165747 1

0.9953942 0.08913567 0.03528997 0
-0.07207625 0.9385372 -0.3375692 0
-0.0632104 0.3334709 0.940639 0
-0.1409674 1.607022 -0.2191964 1

0.9729251 0.2142316 -0.08672938 0
0.2310299 -0.9120324 0.3388544 0
-0.006506652 -0.3497169 -0.9368328 0
-0.08445267 1.60573 -0.255376 1

0.9800165 0.1988622 -0.004643112 0
-0.1886058 0.9215482 -0.339377 0
-0.0632104 0.3334709 0.940639 0
-0.1162244 1.60424 -0.2581044 1

0.9748421 0.1184909 0.1887936 0
0.0937785 -0.9864161 0.134867 0
0.2022096 -0.1137693 -0.9727118 0
-0.03725155 1.631636 -0.2406324 1

0.9956945 0.06974583 -0.06105784 0
-0.08118711 0.9740409 -0.2113127 0
0.04473469 0.2153599 0.9755096 0
-0.1717345 1.62043 -0.2468175 1

0.9808949 0.194515 -0.003042936 0
0.1838473 -0.9217596 0.3414083 0
0.06360424 -0.335445 -0.9399102 0
-0.06702125 1.613847 -0.2167479 1

0.9971681 -0.01738325 0.07317179 0
0.0432619 0.9284226 -0.3689987 0
-0.06151992 0.3711193 0.9265451 0
-0.1409655 1.607011 -0.2192261 1

0.9862409 0.1555245 0.05604881 0
-0.1298324 0.9385582 -0.3197691 0
-0.102337 0.3080922 0.9458363 0
-0.1038013 1.583291 -0.1548596 1

0.9207214 0.3865876 0.05312574 0
0.3699692 -0.9080992 0.1961603 0
0.1240766 -0.160954 -0.9791316 0
-0.06582012 1.527919 -0.2398289 1

0.9859595 0.1575408 0.05536166 0
-0.1435478 0.9690175 -0.2009946 0
-0.08531135 0.1902255 0.9780267 0
-0.09228757 1.539623 -0.2515487 1

0.9953418 -0.0959378 -0.00952521 0
0.09291312 0.9809172 -0.170789 0
0.02572861 0.1691085 0.9852616 0
-0.1197363 1.521522 -0.2402287 1

0.9945906 -0.000510009 0.1038717 0
-0.0426257 -0.9139151 0.4036614 0
0.09472415 -0.4059054 -0.9089931 0
-0.0444902 1.539013 -0.2098101 1

0.9575058 0.2832885 -0.05413213 0
-0.2800569 0.8683833 -0.4092415 0
-0.06892601 0.4070111 0.9108189 0
-0.1528578 1.524944 -0.2102364 1

0.9848381 0.1311419 0.1135607 0
0.05483846 -0.8563949 0.5134009 0
0.1645812 -0.4993893 -0.850602 0
-0.07041935 1.55095 -0.235694 1

0.9928023 0.1170772 0.02523351 0
-0.0878589 0.8551454 -0.5108887 0
-0.08139169 0.5049945 0.8592764 0
-0.09618293 1.550198 -0.24254 1

0.9896114 0.1264729 -0.06836858 0
-0.1431547 0.822906 -0.5498478 0
-0.01328003 0.5539228 0.8324622 0
-0.1239204 1.54689 -0.2365888 1

0.9953645 0.08952015 0.03515178 0
0.06357205 -0.8866857 0.4579816 0
0.07216704 -0.4536239 -0.8882664 0
-0.08105694 1.576391 -0.2400623 1

0.9953645 0.08952015 0.03515178 0
-0.06357205 0.8866858 -0.4579815 0
-0.07216701 0.4536239 0.8882664 0
-0.09858344 1.564701 -0.2550755 1

0.9953645 0.08952015 0.03515178 0
-0.06357205 0.8866858 -0.4579815 0
-0.07216701 0.4536239 0.8882664 0
-0.1189668 1.572795 -0.241335 1

0.9953942 0.08913567 0.03528997 0
-0.07210241 0.9386752 -0.3371798 0
-0.06318063 0.3330823 0.9407787 0
-0.1103502 1.665335 -0.1773733 1

0.4013639 -0.8233318 0.401288 0
0.4015963 -0.2355721 -0.8850008 0
0.8231814 0.5163631 0.2360967 0
-0.07048555 1.455261 0.02066591 1

0.8267725 -0.4645063 0.3173032 0
0.5623864 0.6955441 -0.4471465 0
-0.01299596 0.5481354 0.8362887 0
-0.1604054 1.508011 0.2188107 1

0.8658954 -0.4038782 0.2951399 0
0.001161277 0.5916359 0.8062045 0
-0.5002239 -0.697746 0.5127641 0
-0.3285393 1.300064 0.3524937 1

0.9996209 -0.02697702 0.005494088 0
0.01744393 0.7750297 0.6316841 0
-0.02129927 -0.6313489 0.7752066 0
-0.328832 1.151461 0.1499966 1

-0.9874637 -0.1080153 -0.1151015 0
-0.02129927 -0.6313489 0.7752066 0
-0.1564034 0.7679397 0.6211333 0
-0.2794284 1.080909 0.04522526 1

0.9815073 0.1312563 0.1393394 0
-0.1910889 0.7149674 0.6725374 0
-0.01134843 -0.6867265 0.7268274 0
-0.3250744 1.089541 0.01078027 1

0.5404397 0.6107836 0.5786782 0
-0.8401966 0.3552581 0.4097092 0
0.04466343 -0.7076263 0.7051739 0
-0.3145707 1.050242 -0.02618657 1

0.1804211 0.8059675 0.5637951 0
-0.9815936 0.1110414 0.1553835 0
0.06262931 -0.5814523 0.8111665 0
-0.3277621 1.059978 0.04433464 1

-0.963893 0.1737708 0.2017778 0
-0.2580023 -0.7969973 -0.5461046 0
0.06591913 -0.5784453 0.8130535 0
-0.271715 1.054447 0.03599737 1

0.02109289 0.7836052 0.6209013 0
-0.9935948 -0.05253212 0.1000519 0
0.1110183 -0.6190345 0.7774776 0
-0.3240787 1.033336 0.07783254 1

-0.9472202 0.1784026 0.2663584 0
-0.287712 -0.8395541 -0.4608373 0
0.1414074 -0.5131487 0.8465711 0
-0.27036 1.036176 0.07242281 1

0.0618785 0.7842474 0.6173548 0
-0.9678018 -0.1040609 0.2291968 0
0.2439894 -0.6116597 0.7525569 0
-0.3199959 1.012405 0.1064065 1

-0.9426037 0.08347823 0.3233108 0
-0.1960006 -0.9222153 -0.3333207 0
0.2703371 -0.3775584 0.8856454 0
-0.2718392 1.018222 0.09548609 1

0.188307 -0.9817209 0.02765533 0
-0.9259098 -0.1680718 0.3382944 0
-0.3274624 -0.08930945 -0.9406339 0
-0.303644 1.154873 0.05239669 1

-0.9467021 -0.3142987 -0.07051045 0
-0.3124956 0.843082 0.4376751 0
-0.07811451 0.4363823 -0.896364 0
-0.254856 1.164586 0.0317575 1

0.9644773 -0.2136328 0.1553859 0
0.001161277 0.5916359 0.8062045 0
-0.2641636 -0.7773854 0.5708676 0
-0.3286713 1.232237 0.26007 1

0.7780399 -0.6254923 -0.05842566 0
0.5376312 0.7110761 -0.4531266 0
0.3249722 0.321139 0.8895296 0
-0.1604056 1.508011 0.2188108 1

0.8264205 -0.4907224 0.2760812 0
0.5623864 0.6955441 -0.4471465 0
0.02739817 0.5247954 0.8507874 0
-0.2672572 1.375857 0.3037691 1

0.7123492 -0.6573147 -0.2459602 0
0.03734401 0.3854613 -0.9219681 0
0.7008312 0.6475779 0.2991298 0
-0.2193543 1.564318 0.240513 1

0.9960598 -0.0886847 -7.659197E-06 0
0.08868471 0.9960598 -2.299622E-05 0
9.715557E-06 2.222322E-05 1 0
-0.1522559 0.9063591 0.1308002 1

1 0 0 0
0 1 0 0
0 0 1 0
0 0 0 1

1 0 0 0
0 1 0 0
0 0 1 0
0 0 0 1

0.7668855 -0.02232064 -0.6413957 0
-0.002871515 0.9992657 -0.03820789 0
0.6417775 0.03114285 0.7662582 0
0.008729904 0.8592198 0.07607785 1

0.9448388 0.1646532 0.2831414 0
0.2725835 -0.8745739 -0.4010224 0
0.1815985 0.4560811 -0.8712131 0
0.1069977 0.8250414 -0.01185738 1

0.9448388 0.1646532 0.2831414 0
0.1174396 -0.9772842 0.1764191 0
0.3057575 -0.1334356 -0.9427129 0
0.2270309 0.439919 -0.1884493 1

0.9909337 0.07181925 -0.1135453 0
0.0712872 -0.9974177 -0.008744761 0
-0.11388 0.0005711876 -0.9934945 0
0.2644897 0.1282027 -0.1321783 1

0.9910251 0.06705227 -0.1156431 0
0.07103021 -0.9970042 0.03062255 0
-0.1132433 -0.03856186 -0.9928188 0
0.2563134 0.02435976 -0.2692173 1

0.5734199 -0.2077066 -0.7924945 0
0.32216 0.9465666 -0.0149845 0
0.7532613 -0.2467176 0.6096949 0
-0.09626408 0.8309569 0.1581434 1

0.5734171 -0.2077147 -0.7924945 0
-0.2206654 0.892418 -0.3935695 0
0.7889864 0.4005556 0.4658923 0
-0.2381283 0.414133 0.1647419 1

0.4414257 -0.1011087 -0.8915831 0
0.05999954 0.9947335 -0.08310032 0
0.8952897 -0.01681194 0.4451673 0
-0.1677447 0.1294854 0.2902759 1

0.4314939 -0.102881 -0.8962302 0
-0.04379712 0.989915 -0.1347217 0
0.9010521 0.09738386 0.4226364 0
-0.2966677 0.02814758 0.2379372 1

0.7762913 -0.02415675 -0.6299113 0
0.001300028 0.9993247 -0.03672141 0
0.6303729 0.02768761 0.7757984 0
0.01030755 0.9956207 0.07321739 1

0.8025536 -0.04148764 -0.5951357 0
-0.04507731 0.99051 -0.1298374 0
0.5948746 0.1310286 0.7930673 0
0.01053184 1.168033 0.06688188 1

0.7081954 -0.09761298 -0.699236 0
-0.3278717 0.8316508 -0.4481708 0
0.6252674 0.5466522 0.5569665 0
0.008562967 1.355294 0.05117266 1

-0.3329882 0.7524795 -0.5682372 0
0.4449914 -0.4058962 -0.7982675 0
-0.8313253 -0.5186744 -0.1996883 0
0.02765936 1.434448 -0.03105423 1

-0.5025659 0.1742596 -0.8467945 0
-0.3186962 -0.9478385 -0.005909488 0
-0.8036545 0.2669003 0.5318874 0
0.1272927 1.343568 -0.2097858 1

-0.5187294 0.1416431 -0.8431233 0
-0.7675859 -0.5114256 0.3863367 0
-0.3764728 0.8475738 0.3740148 0
0.0320136 1.060198 -0.2115531 1

0.4032838 -0.8373232 0.3691234 0
-0.8840961 -0.4605955 -0.07890505 0
0.2360855 -0.2945196 -0.926025 0
-0.1607841 0.9317415 -0.1145153 1

-0.2436353 0.904584 -0.3498139 0
0.2360855 -0.2945196 -0.926025 0
-0.9406943 -0.3081985 -0.1418039 0
-0.1934498 0.9059331 -0.1632301 1

-0.8600785 -0.4883237 0.1476653 0
-0.4993908 0.746716 -0.4393452 0
0.1042787 -0.451614 -0.8860987 0
-0.2665135 0.852771 -0.1907669 1

-0.9625934 0.1804808 -0.2020906 0
0.2516426 0.8720083 -0.4198546 0
0.1004491 -0.4550039 -0.884806 0
-0.293963 0.893815 -0.214916 1

-0.7811182 -0.6084017 0.1403649 0
-0.5914419 0.6489136 -0.4786521 0
0.2001282 -0.4569016 -0.8667122 0
-0.2779462 0.8637066 -0.1488526 1

-0.9298372 0.1903983 -0.3148839 0
0.3098551 0.866698 -0.3909278 0
0.1984774 -0.4610676 -0.8648838 0
-0.3108611 0.9012093 -0.1762657 1

-0.792972 -0.5823911 0.1789314 0
-0.577118 0.6238877 -0.5269718 0
0.1952708 -0.5211384 -0.8308338 0
-0.2893684 0.8803889 -0.1109497 1

-0.9262547 0.1804578 -0.3308892 0
0.3223692 0.8341762 -0.4474688 0
0.1952708 -0.5211384 -0.8308338 0
-0.3205704 0.9141194 -0.1394404 1

-0.8644291 -0.502582 0.01318827 0
-0.3713084 0.6205165 -0.6907166 0
0.3389583 -0.6019725 -0.7230054 0
-0.2979556 0.895676 -0.07990344 1

-0.9350088 -0.118346 -0.3342943 0
0.1176075 0.78584 -0.6071445 0
0.3345551 -0.6070011 -0.7208489 0
-0.3157149 0.926911 -0.1142715 1

0.6668479 -0.4585027 -0.5874432 0
-0.638443 -0.7580814 -0.1330549 0
-0.3843236 0.4637763 -0.7982527 0
-0.2090242 0.9048316 -0.2069439 1

-0.04893073 -0.8505507 -0.5236121 0
-0.9894663 0.1127888 -0.09074846 0
0.1362437 0.5136561 -0.8471101 0
-0.2458818 0.8588985 -0.2158853 1

0.1972613 -0.7620019 -0.6167994 0
-0.7675859 -0.5114256 0.3863367 0
-0.6098362 0.3972371 -0.6857862 0
-0.05598104 1.00157 -0.1672643 1

-0.4635226 0.1696734 -0.8696883 0
-0.3240321 -0.9459719 -0.01185496 0
-0.8247122 0.2763118 0.493459 0
0.1272927 1.343568 -0.2097858 1

-0.579584 0.1998018 -0.7900391 0
-0.3186962 -0.9478385 -0.005909488 0
-0.7500103 0.2483574 0.6130281 0
0.06674037 1.163479 -0.2109086 1

-0.1065232 0.1828005 -0.9773622 0
0.5431748 -0.8126254 -0.21119 0
-0.832835 -0.5533752 -0.01272926 0
0.1209748 1.358077 -0.2982192 1

0.8914334 0.2739879 -0.3609394 0
-0.4508654 0.6161792 -0.6457891 0
0.04546484 0.738413 0.6728144 0
-0.05154013 1.50476 -0.03056588 1

0.9955279 0.08804011 0.03425193 0
-0.0712882 0.9380381 -0.3391204 0
-0.06198585 0.335162 0.9401193 0
-0.1062024 1.579464 -0.1088604 1

0.9955279 0.08804011 0.03425193 0
-0.0712882 0.9380381 -0.3391204 0
-0.06198585 0.335162 0.9401193 0
-0.1027302 1.591 -0.2394314 1

0.9658616 -0.2172403 0.1411314 0
-0.2576727 -0.8618948 0.4367406 0
0.02676281 -0.4581967 -0.8884481 0
-0.05158167 1.59428 -0.2130779 1

0.9453923 0.3217024 -0.05235666 0
-0.3114495 0.8442889 -0.436091 0
-0.09608731 0.4285835 0.8983782 0
-0.1565185 1.583238 -0.2150867 1

0.9955279 0.08804007 0.0342519 0
0.0712882 -0.9380381 0.3391204 0
0.06198579 -0.335162 -0.9401191 0
-0.0682942 1.612668 -0.2113863 1

0.9955279 0.08804011 0.03425193 0
-0.0712882 0.9380381 -0.3391204 0
-0.06198585 0.335162 0.9401193 0
-0.1422623 1.606126 -0.213931 1

0.9730952 0.212952 -0.08796266 0
0.2302736 -0.9117156 0.3402187 0
-0.007746696 -0.3513206 -0.9362231 0
-0.0857813 1.604706 -0.2501584 1

0.9802418 0.1977156 -0.005856395 0
-0.187839 0.9211812 -0.3407954 0
-0.06198585 0.335162 0.9401193 0
-0.1175572 1.603249 -0.2528562 1

0.9751464 0.1176833 0.1877229 0
0.09275439 -0.9862908 0.1364817 0
0.201211 -0.1156776 -0.9726937 0
-0.03853707 1.630583 -0.2355015 1

0.9957199 0.06848419 -0.06206277 0
-0.08024542 0.9737694 -0.212917 0
0.04585326 0.216986 0.9750972 0
-0.1730383 1.619522 -0.2415478 1

0.9811167 0.1933701 -0.004249483 0
0.1830821 -0.9213836 0.3428312 0
0.06237793 -0.3371353 -0.9393874 0
-0.06830604 1.61287 -0.2115598 1

0.9972118 -0.01841545 0.07231539 0
0.04401003 0.9277353 -0.3706349 0
-0.06026423 0.3727841 0.9259591 0
-0.1422603 1.606115 -0.2139606 1

0.9864699 0.1544752 0.05490455 0
-0.1290285 0.9381567 -0.3212689 0
-0.1011372 0.3098379 0.9453949 0
-0.1050664 1.582463 -0.1495864 1

0.921216 0.3856087 0.051642 0
0.3690903 -0.9081891 0.1973946 0
0.1230178 -0.1627826 -0.9789629 0
-0.06722519 1.5269 -0.2344939 1

0.9861903 0.1564906 0.05421427 0
-0.1426028 0.9688363 -0.202535 0
-0.0842196 0.192007 0.9777731 0
-0.09368948 1.538615 -0.2462104 1

0.9952209 -0.09711003 -0.01024449 0
0.09389869 0.9805132 -0.1725601 0
0.02680218 0.1707734 0.9849457 0
-0.1211491 1.520566 -0.2348348 1

0.9946814 -0.001486409 0.1029885 0
-0.04332617 -0.913169 0.4052719 0
0.09344348 -0.4075786 -0.9083767 0
-0.04585569 1.538021 -0.2045133 1

0.9577851 0.2820826 -0.05547062 0
-0.2794138 0.8680025 -0.4104868 0
-0.06764257 0.4086575 0.9101776 0
-0.1542398 1.524077 -0.2048191 1

0.98509 0.1301932 0.1124595 0
0.05430235 -0.8555734 0.5148256 0
0.1632443 -0.5010428 -0.8498867 0
-0.07179401 1.549944 -0.2303947 1

0.9929594 0.1159673 0.02414957 0
-0.08732192 0.8543665 -0.512282 0
-0.08004072 0.5065663 0.8584777 0
-0.09756454 1.54921 -0.2372165 1

0.989696 0.1252056 -0.06946543 0
-0.1426898 0.8221242 -0.5511363 0
-0.0118961 0.5553694 0.8315187 0
-0.1253005 1.545944 -0.2312349 1

0.9954987 0.08842439 0.03411305 0
0.06295136 -0.8859695 0.4594507 0
0.07084984 -0.4552352 -0.8875479 0
-0.082406 1.57539 -0.2347973 1

0.9954987 0.08842439 0.03411305 0
-0.06295137 0.8859696 -0.4594507 0
-0.07084984 0.4552351 0.8875479 0
-0.09995936 1.563694 -0.2497748 1

0.9954987 0.08842439 0.03411305 0
-0.06295137 0.8859696 -0.4594507 0
-0.07084984 0.4552351 0.8875479 0
-0.120321 1.571836 -0.2360301 1

0.9955279 0.08804011 0.03425193 0
-0.07131384 0.9381766 -0.338731 0
-0.06195623 0.3347736 0.9402596 0
-0.1115402 1.664476 -0.1722356 1

0.4027467 -0.8212942 0.4040679 0
0.4019526 -0.2379132 -0.8842124 0
0.8223315 0.5185298 0.2343024 0
-0.07114682 1.455031 0.02626587 1

0.8221332 -0.4695936 0.3218364 0
0.5689906 0.6962746 -0.4375512 0
-0.01861548 0.5428473 0.8396251 0
-0.1611464 1.508306 0.2242341 1

0.861679 -0.4089719 0.3004187 0
0.00416097 0.5976864 0.8017192 0
-0.5074368 -0.6895744 0.5167156 0
-0.3312549 1.300141 0.3550485 1

0.9995258 -0.03054933 0.003875345 0
0.02143818 0.7806607 0.6245872 0
-0.02210614 -0.6242078 0.7809455 0
-0.332301 1.150018 0.1536779 1

-0.9880635 -0.1054751 -0.112275 0
-0.02210614 -0.6242078 0.7809455 0
-0.1524533 0.7741055 0.6144253 0
-0.283351 1.07834 0.04945956 1

0.9822369 0.1289564 0.1363119 0
-0.187232 0.721728 0.666373 0
-0.01244706 -0.6800579 0.7330527 0
-0.329031 1.086824 0.01502274 1

0.5437365 0.6140457 0.5721 0
-0.8381307 0.3620041 0.4080321 0
